1
100
4500
85 82 1236
49 2 6235
40 12 4151
74 96 9216
13 77 975
40 44 1711
19 51 9852
40 15 4478
58 68 6735
12 25 7547
100 75 8588
25 76 5570
53 51 3553
1 45 1699
66 74 1340
22 49 6030
100 65 4930
70 16 8570
5 25 4388
93 90 960
68 94 907
79 39 7318
99 9 2
21 53 3718
61 16 891
27 8 3634
97 56 2569
52 35 7718
79 71 8256
34 26 7618
48 21 8392
49 86 292
41 62 4251
24 33 767
47 40 6003
36 72 6383
49 39 7409
54 73 5052
72 42 8470
29 44 1022
34 7 9635
78 28 33
24 41 409
81 83 8882
88 43 418
36 33 626
12 75 2133
49 19 4517
80 98 7308
100 41 5612
51 55 2813
81 98 7074
91 49 8405
81 22 705
50 51 4898
27 75 3594
44 12 1212
99 61 2813
4 70 7696
92 83 3513
84 62 5720
6 22 3477
56 80 4048
54 12 7987
34 39 1859
47 75 5609
12 15 8936
45 38 2930
90 62 5099
95 88 6305
90 83 8892
9 30 5264
8 3 2499
87 88 9871
70 35 4059
54 57 9182
71 47 4123
92 2 4389
24 13 2920
13 69 8026
37 22 9567
20 73 928
16 98 7514
98 20 2375
76 48 9739
9 86 5967
76 65 6941
37 39 1688
17 34 8123
82 76 3115
23 20 1326
47 78 7275
8 20 4404
93 1 4971
55 54 9304
21 6 1762
87 20 7255
6 2 8562
61 59 2454
4 2 2170
93 26 7010
95 11 8782
75 88 7260
50 25 9296
20 55 4251
7 40 6720
52 91 3215
65 63 7697
66 93 4809
89 41 7533
49 12 2201
91 58 7083
56 98 3094
65 78 6109
79 56 736
89 78 9859
47 53 6737
53 57 1783
13 98 3145
50 21 8431
22 28 7753
27 80 8885
44 85 6068
74 71 4275
93 10 3114
11 8 452
30 12 5824
82 15 9005
59 68 504
45 36 3399
36 12 7037
30 43 4579
64 45 877
61 5 7739
93 61 4762
10 32 5027
53 58 395
31 58 4899
8 75 3716
47 24 5720
60 68 8473
83 17 2629
99 91 7975
68 97 5897
33 47 7257
65 40 6777
95 33 2549
72 31 3035
87 83 1938
67 71 9194
71 33 1155
7 47 1847
95 68 5810
38 34 3635
88 51 2257
55 97 3686
3 25 5236
39 11 2303
96 50 9364
21 87 171
12 1 7957
74 66 4117
75 18 4430
95 57 4331
38 66 2899
29 73 9483
88 6 8293
85 91 1802
89 8 8100
5 11 7562
51 40 6441
25 83 1110
100 51 1965
52 19 1038
6 25 101
1 26 7605
41 87 5873
94 75 1570
45 34 2346
32 90 6163
12 59 5186
33 86 7193
53 26 6800
32 52 602
40 37 1088
85 19 7859
42 47 5135
81 43 8127
80 41 1765
16 49 7291
83 64 3509
90 7 8916
44 66 2013
76 83 6374
63 45 9649
17 81 516
67 22 5494
55 45 9511
59 69 9327
100 77 3516
48 10 717
19 18 6273
70 84 9205
17 94 5624
34 100 4975
3 97 7609
90 5 9706
3 45 9618
67 25 243
8 50 2438
100 17 2500
39 66 4429
44 72 3205
31 62 7114
67 36 8266
71 84 1617
25 30 408
47 17 6239
70 31 9692
77 27 5636
25 19 6828
9 60 9407
94 34 7003
18 95 7763
7 17 8471
86 99 1505
9 5 9366
40 43 765
23 31 3092
56 18 3434
40 77 6697
88 94 9999
100 70 9927
24 78 6578
34 65 9786
44 49 9542
32 80 1127
31 12 2180
44 46 2736
73 17 7289
83 44 6949
25 20 5352
51 63 702
6 98 3869
8 91 3231
36 50 5308
93 25 3593
52 30 3233
57 73 2097
52 27 1040
23 52 4878
13 31 2777
28 93 1779
35 8 8999
17 96 3106
67 35 1793
33 9 4536
74 1 7181
97 63 3016
23 16 7232
12 98 2935
75 42 6731
44 30 9598
43 77 7725
59 49 2398
86 60 3222
97 36 9377
74 92 4071
5 93 2623
73 42 4913
56 95 8646
85 47 5742
21 27 5027
21 30 4591
37 83 79
31 90 9803
17 96 3103
9 78 1575
33 60 8940
61 64 6751
47 16 2222
3 40 3497
18 16 5959
78 61 8634
53 65 1822
8 82 8046
94 75 5875
68 27 5802
23 41 1432
39 52 9207
31 41 6192
100 76 638
24 9 5111
8 62 5652
65 21 7302
97 54 9157
50 31 6028
23 12 5680
84 79 9656
100 8 626
44 24 8809
87 55 750
79 28 2152
81 23 305
27 68 4822
78 8 381
69 34 9941
34 28 4384
39 99 4868
77 25 1750
27 39 6198
48 66 2615
38 39 3153
23 29 9295
98 22 1344
95 97 514
33 71 5659
48 50 1603
31 13 3511
93 64 3097
75 88 1140
6 64 926
11 84 5631
23 53 2525
96 24 630
56 80 540
67 50 5477
77 82 5428
55 17 4793
52 17 3884
77 60 7419
74 39 9554
39 76 839
6 2 6029
2 8 1144
76 62 8300
37 75 7275
51 30 1572
32 68 6952
28 7 2715
23 48 950
24 82 56
52 28 8523
56 90 5224
74 55 7097
47 71 800
52 95 4580
98 16 9033
11 78 6968
15 8 1369
27 55 4982
55 27 9960
41 63 566
95 78 3276
54 6 3056
89 18 2134
31 11 1012
6 94 9707
42 97 4107
62 96 5927
99 15 8445
69 46 843
97 57 2420
26 9 494
52 86 7566
98 95 772
31 23 6131
40 18 2697
26 76 5286
62 10 3679
24 64 4181
37 96 3917
26 78 1310
76 30 4081
21 68 7896
80 4 1661
39 78 6707
99 17 6228
30 8 2971
68 74 1956
97 18 6358
61 89 6826
13 67 8167
26 58 4232
92 52 1998
25 51 4593
32 13 2933
77 92 8655
90 23 642
34 24 4490
43 95 9134
3 15 2861
70 64 9784
43 78 1125
25 13 2267
88 34 3568
27 56 9433
19 53 9922
3 32 6944
82 52 8146
15 60 4762
17 15 4312
93 6 5838
41 85 2681
11 91 3756
94 15 9781
47 73 1122
41 87 1388
34 22 2052
41 7 2737
14 29 4454
28 81 4849
12 56 6782
49 81 9255
57 71 9034
46 85 5552
97 100 6460
30 62 4383
98 94 7702
77 18 1358
85 17 3209
55 27 4403
49 97 8581
3 30 9974
87 42 1167
89 55 2259
64 15 8991
41 99 1354
1 88 5202
25 64 2959
37 95 5602
24 90 6570
83 73 1345
2 64 5345
88 68 3429
70 73 2133
53 42 6102
97 82 6293
5 29 1575
84 60 802
90 97 3519
66 79 8755
90 31 3964
20 85 376
7 55 7954
20 6 7525
80 95 3089
46 74 7085
51 67 8756
90 27 3395
47 20 2384
19 27 7861
23 11 2908
44 48 3126
91 85 935
52 56 6851
55 78 9666
90 43 8067
17 75 8755
75 11 3299
90 50 478
8 42 1867
50 24 9329
71 4 3793
6 81 7451
89 27 9852
54 3 690
66 24 1737
39 8 9723
4 77 8814
11 19 6872
86 15 6790
9 6 2824
33 34 8467
22 61 5377
7 74 1230
57 60 4702
5 65 293
48 29 4781
81 17 8747
81 43 8646
45 19 3446
30 82 8403
31 61 6306
64 85 8623
31 10 4121
2 92 3892
90 20 7336
41 29 4196
41 64 930
29 26 1273
83 94 8135
96 75 1469
30 90 5421
92 91 3676
55 96 5990
53 69 9435
19 65 5297
55 8 1790
63 52 6038
53 2 4301
30 52 6905
7 38 3480
84 76 3672
9 42 2990
71 84 2179
55 37 308
26 84 2717
66 10 1825
54 34 3463
2 88 2244
61 71 7766
74 48 8540
40 55 5756
65 74 6396
89 76 3809
80 15 2210
41 23 495
78 52 5271
59 71 6552
99 52 1014
72 50 2484
54 87 1422
30 81 3524
27 1 9701
45 60 8834
60 87 1144
86 58 3815
77 7 1269
20 8 7809
90 46 5542
34 63 3559
18 9 4486
22 10 7205
26 12 7208
31 94 2089
73 98 2432
7 51 8486
52 37 4221
70 16 2017
56 1 1507
59 44 3916
45 88 1311
79 13 8315
100 52 1220
2 52 8645
29 77 6510
55 90 6243
93 91 2374
49 74 537
3 42 2919
96 55 2002
13 49 9621
21 45 400
26 12 2839
4 42 2041
84 90 3054
11 34 9482
46 65 642
22 27 9903
49 18 4668
84 37 880
68 56 4553
83 54 2206
86 67 9445
66 5 9611
30 54 1450
50 72 4094
59 95 8485
87 3 4168
83 91 4564
60 30 2765
45 57 608
66 92 6238
77 81 5090
66 86 4981
4 32 9768
48 71 5350
90 11 6158
7 100 5534
76 91 5920
56 96 1180
56 11 7588
80 3 2992
96 100 9168
56 82 730
54 41 6762
94 43 5657
28 89 8944
2 24 7520
84 22 9618
18 94 8695
60 8 6768
54 96 7222
37 2 9857
58 64 3382
25 66 8577
35 75 3938
92 65 4083
27 2 1553
52 99 4771
54 92 3649
43 99 9633
90 45 5242
78 1 1586
45 88 6632
67 19 3745
96 48 7869
53 83 9845
41 6 7226
37 14 5787
19 3 9236
4 8 3436
26 57 185
99 33 3018
74 73 2514
14 83 1512
69 96 2964
77 100 8786
91 25 7136
45 15 624
88 5 8297
49 42 1934
73 21 6705
30 97 729
92 75 9086
37 3 1257
16 48 1775
33 71 1373
32 12 7451
6 51 7032
39 54 2792
52 80 4011
58 96 7296
84 80 3435
38 63 81
5 59 8702
4 72 2128
16 87 3661
12 43 2174
43 25 7529
99 59 3233
75 18 4917
95 61 4476
26 2 1336
63 88 6293
86 3 8539
34 45 6899
9 74 4917
19 97 4605
19 80 6662
64 56 3452
76 98 8671
51 93 9496
21 93 5446
25 30 5082
8 41 8342
16 78 504
43 66 5903
78 49 7592
69 80 3967
70 62 6911
23 64 4756
50 90 6115
81 25 5727
84 27 9385
15 1 2743
68 65 3117
25 47 7937
27 18 8549
88 55 1202
40 65 3178
38 95 1754
46 50 4747
41 32 2585
50 92 1448
40 73 8070
45 61 1513
82 94 208
16 42 4667
31 23 7381
13 45 9611
97 57 4653
15 65 6029
21 64 8396
6 19 1410
29 64 8248
17 6 1129
55 87 9906
1 21 4867
69 65 298
54 57 2163
95 89 1698
100 87 3169
12 79 22
66 42 6406
15 32 769
67 16 3091
89 80 922
1 90 1675
3 34 4090
20 44 9253
71 52 3351
78 23 7416
81 33 5271
53 22 7544
48 28 6077
76 67 16
60 73 3825
36 79 5693
74 42 9438
45 89 8483
14 19 5050
63 64 7028
38 36 7316
31 38 4884
1 98 7681
93 64 5355
82 75 9065
2 19 2029
77 48 1940
97 47 2846
57 23 164
10 27 2680
18 23 6620
53 24 3770
53 74 3607
35 79 9159
33 65 9291
81 51 6116
79 74 5082
95 31 1907
72 13 5951
27 51 3420
55 87 4724
70 77 8522
22 66 6125
84 85 9087
72 74 7128
19 37 1649
42 48 866
3 70 9645
99 84 8140
16 53 9459
49 50 5295
19 39 7148
10 76 5097
71 46 5243
27 49 8058
23 66 5432
86 45 5183
48 76 8191
53 71 8269
68 66 7322
32 39 8714
9 87 5664
9 21 6291
41 80 1570
1 60 5617
89 3 6234
54 50 8036
80 26 5230
40 55 201
17 85 228
81 7 1049
63 6 1890
34 92 2328
90 6 4911
41 13 1642
36 78 3616
80 27 9284
90 51 5442
28 7 906
41 81 3245
91 69 2111
86 33 3678
59 36 4897
16 12 5448
15 14 1783
39 36 9957
31 71 9549
4 79 1762
11 78 1835
60 9 6971
60 28 2310
91 40 8263
15 22 4446
14 45 8059
61 90 7427
65 99 307
60 92 3362
99 5 6874
52 60 5541
69 91 8023
60 48 8504
12 32 6731
60 65 3589
97 19 7527
35 70 8621
77 85 8847
55 44 9063
30 4 7706
45 39 4018
66 27 5393
23 63 193
96 76 4692
25 79 4203
28 35 2637
14 17 5291
93 4 5949
68 11 8092
72 66 190
79 90 9319
13 67 1058
80 30 6042
52 14 8623
73 57 2692
63 49 7472
66 28 1617
67 52 4504
58 55 6020
69 21 6327
97 89 8380
71 26 9492
90 35 8437
10 42 7611
23 32 1451
10 92 1770
87 7 643
31 5 3991
21 36 5714
60 70 9547
87 17 2776
59 58 133
30 77 9849
65 40 5212
55 59 2370
29 18 6784
55 54 6152
86 96 5172
41 49 1792
55 84 4672
5 76 9473
53 51 1862
63 74 9453
53 63 2074
53 14 8953
26 19 2345
36 20 7401
9 60 13
64 44 8582
46 25 49
6 34 8969
93 79 8004
70 63 5198
51 50 8107
84 67 723
79 56 8383
67 90 9008
61 50 9339
16 25 2870
21 69 8998
42 24 5209
82 97 3965
29 55 3488
100 69 4088
14 2 3565
49 88 1630
6 82 361
54 9 9790
10 71 8918
99 30 3618
90 96 3346
76 54 4380
65 86 6274
42 68 2590
99 72 2278
46 32 1814
2 86 4944
27 10 5928
15 26 1138
10 97 3819
49 99 546
91 15 3128
88 39 9753
2 60 2031
88 80 8725
75 90 4081
21 41 2330
93 69 1228
48 46 6912
76 86 390
72 65 5089
69 13 141
16 44 2346
79 59 7746
1 100 5327
99 13 2164
44 54 8315
13 42 1966
32 28 7565
84 38 242
38 69 3303
53 72 7678
19 89 3770
97 11 25
50 96 596
81 28 4079
53 72 6527
9 31 1424
88 17 2901
95 60 4308
79 78 8830
33 58 8337
72 2 2016
11 21 1968
7 97 6634
20 57 9790
90 39 3906
22 66 5457
43 15 6471
14 17 3658
90 66 7137
88 27 6912
66 31 5538
91 18 7116
5 100 182
77 74 5388
72 16 8644
8 86 8875
75 68 7609
89 67 4723
51 35 1671
33 18 3086
65 81 2747
19 61 2046
62 93 4173
37 14 9320
17 12 3523
16 80 4685
40 73 5697
98 40 1481
50 53 330
7 2 5641
70 41 6491
26 78 9223
46 98 2711
72 19 5705
78 36 4171
48 51 4135
34 40 1503
28 88 4789
53 87 4390
76 22 466
95 87 5654
43 56 1702
49 57 6285
59 90 4419
13 26 2674
58 92 304
49 10 8622
65 46 2323
40 48 7445
93 72 1264
46 1 7147
46 60 977
91 32 5319
37 46 4005
31 100 9284
84 26 3859
98 81 3258
99 92 9435
26 65 4518
50 56 3040
14 52 4133
61 65 9839
65 41 362
55 14 7459
63 55 6501
79 4 3789
5 3 3389
55 80 2044
58 68 1772
77 57 891
35 24 6524
81 58 6713
50 95 9725
59 76 7278
15 42 5350
91 37 9544
52 62 4235
67 22 2083
2 58 1615
36 19 469
70 72 8281
84 34 3609
12 24 5636
6 47 7481
8 90 7882
71 58 908
69 89 7696
86 33 1481
58 21 9630
26 35 2072
39 18 1241
4 50 606
76 15 2443
73 78 1729
77 16 9707
65 84 1339
55 97 2483
49 71 2805
74 30 8460
40 11 3513
31 20 2064
25 69 2955
82 70 2298
74 98 7210
96 37 7433
45 63 5552
8 28 3075
57 89 9093
61 29 9490
25 48 3260
46 11 4866
78 94 732
39 30 2578
74 44 8241
51 59 5704
35 97 8423
94 37 4582
92 95 1572
58 43 9775
6 25 3621
73 3 3429
75 18 2929
58 57 6165
51 86 2531
79 36 6287
93 65 3519
73 92 9155
14 58 3816
46 47 5532
5 94 3651
90 66 4903
74 42 6868
34 83 4763
92 22 3997
68 46 4726
82 54 1916
22 18 2127
84 99 3990
36 41 5227
46 12 2488
91 79 6528
11 65 765
49 69 5076
11 83 2905
14 94 2407
13 59 2784
89 13 6155
21 73 368
57 96 6148
43 8 7818
100 25 370
20 15 4424
32 94 5827
100 64 5933
55 2 564
89 51 1620
6 97 2819
56 94 4615
9 45 4581
5 24 684
50 64 9336
15 34 9679
86 73 8199
76 53 6986
4 72 2809
16 27 6883
38 100 3921
15 97 4433
51 97 5038
81 47 1492
96 40 9358
61 78 2279
87 12 5518
95 16 8067
13 62 7640
78 7 8726
19 75 6065
16 87 1437
54 62 9353
42 45 2154
95 44 8735
21 33 8267
44 25 8115
72 38 3683
4 93 613
44 92 9437
54 24 6526
59 71 808
32 33 186
20 95 4514
52 20 2012
49 70 4427
17 96 3177
63 68 5606
10 7 3500
76 98 4737
100 52 3700
87 40 6504
59 68 7000
68 15 2297
37 49 7147
82 40 4643
86 44 4216
7 49 4571
7 41 100
7 47 5613
30 89 8649
37 65 6891
92 9 4963
99 10 713
32 93 5415
15 88 8423
46 50 6498
73 58 8864
13 81 9501
20 80 2532
91 44 7764
17 15 6818
37 42 5625
47 63 4253
100 74 4210
35 37 4705
13 76 2928
8 44 837
18 80 4569
63 67 5230
24 39 3943
74 23 3128
98 6 4510
66 32 5191
96 5 9418
43 69 4988
13 53 1650
94 49 3365
37 20 6892
83 32 8474
68 23 4257
99 23 9382
64 60 1810
22 19 4072
35 49 9999
18 28 8714
38 97 4328
8 34 4193
29 38 2681
26 51 3779
90 49 2294
12 74 8590
24 7 1278
52 11 7090
6 46 5461
62 98 66
71 46 5632
89 18 8315
50 57 8585
44 41 8121
75 88 5926
57 10 3698
35 56 4793
52 48 2480
46 21 4892
97 65 313
72 56 3272
79 39 9565
61 6 8666
20 35 1879
16 80 3638
52 85 2044
37 71 9591
48 95 4935
56 48 846
94 63 3280
53 99 8798
18 84 182
76 73 470
23 100 58
65 8 8168
51 31 8046
17 39 5539
18 74 4366
12 93 5089
99 85 3104
28 29 6922
50 19 7647
85 79 6354
83 94 4895
40 30 5217
39 100 7628
54 45 5659
88 25 7898
39 84 7078
73 88 8598
91 77 6045
96 73 5821
48 18 9957
85 80 4846
95 80 5019
30 96 9758
25 69 1694
2 83 9351
95 91 307
60 6 2390
2 11 8197
44 71 8463
91 14 6541
37 26 7031
95 61 1673
18 48 7011
2 94 1440
18 7 1351
79 20 3179
8 13 5722
84 22 6412
34 80 7020
35 73 4769
42 61 2043
82 93 3382
71 5 8225
38 90 4279
9 17 6519
45 83 7638
91 79 9546
93 37 3451
82 12 4193
12 72 7448
98 86 815
82 81 7206
49 76 3139
55 84 4475
48 100 14
52 91 716
76 18 9529
22 6 9083
71 4 6539
88 73 6049
38 64 5580
51 89 6313
46 36 1984
38 21 3421
19 85 6338
57 95 6931
87 11 5827
74 25 9082
27 67 8981
92 9 5101
78 82 6450
28 30 1287
95 4 5937
34 21 6004
68 39 6408
89 11 1356
80 25 7058
59 53 2518
20 37 2900
78 15 7994
19 64 4978
21 1 6661
100 19 345
6 76 3274
59 90 6199
66 67 4280
63 96 3265
45 35 8464
95 21 241
68 33 3486
18 35 3188
93 19 7576
69 21 1317
100 1 3168
17 88 7551
23 94 9460
41 100 5583
71 30 3661
72 96 7709
76 95 826
42 99 6633
72 66 9505
82 22 9370
13 45 312
66 60 3277
32 80 1747
15 54 2776
65 79 7249
88 69 2499
54 97 1831
93 52 5846
35 81 6282
53 69 5543
69 75 4129
41 72 5533
36 3 2759
51 4 8405
11 43 7483
50 53 7902
75 80 9718
34 5 9970
59 90 9000
64 100 3710
77 71 7912
48 64 3986
51 48 7013
93 21 7696
77 25 2773
8 11 2028
10 73 5364
54 88 4591
56 43 1253
92 54 6696
20 98 2413
71 17 1280
55 46 9107
40 58 7795
17 73 8420
95 40 4213
92 27 3053
54 56 7236
99 59 6537
14 88 6718
58 36 1683
56 18 5715
52 87 4184
10 79 6821
36 92 4522
52 21 5407
92 62 6670
33 84 5533
96 45 8833
4 74 2730
27 17 9716
56 64 1911
94 17 1457
98 15 8514
35 32 4352
9 55 9421
55 98 8403
3 68 6627
61 85 9044
38 51 5638
74 62 8365
5 34 5239
50 40 3344
71 24 2319
14 74 4425
93 33 8567
88 92 6459
19 41 7520
79 99 86
24 14 4720
2 14 8708
100 89 1508
50 45 20
59 85 3718
31 71 2547
40 2 778
45 7 3340
93 74 2953
13 24 2431
7 37 2997
31 82 4110
97 31 2386
89 37 982
70 69 3177
66 93 4443
68 89 6063
85 25 7186
91 44 6407
64 51 6486
31 67 5275
62 10 5145
1 19 1048
12 87 8154
12 66 6816
97 7 5652
32 72 1418
8 90 4152
13 70 5521
9 10 6723
2 77 2640
6 83 4611
1 10 4963
71 32 5924
44 62 2447
72 38 5615
62 72 8276
92 44 7377
29 18 3448
19 26 3811
67 72 934
66 63 9663
1 46 2845
46 73 156
64 94 2790
89 81 8837
36 81 8596
55 4 8716
53 83 2243
41 4 7146
76 48 3008
100 9 7510
36 95 3134
62 88 1306
82 97 9540
90 86 1930
48 19 8630
69 95 7864
26 31 2079
46 5 9452
61 77 7124
11 16 9073
23 13 9570
19 74 1342
15 2 3703
73 30 3798
67 5 9518
61 77 5587
85 9 8251
9 93 9631
10 92 9963
64 93 3827
71 73 7432
35 90 3724
62 47 2692
83 77 6315
8 60 2795
54 32 5936
65 10 1599
35 48 6340
75 59 130
57 75 181
32 97 3956
78 87 986
91 15 6238
22 40 3710
2 17 4959
17 53 7023
71 56 8722
76 86 410
30 63 6587
15 1 6251
83 19 9676
41 1 2840
4 67 9693
90 74 3330
99 74 5708
9 22 5947
34 99 3399
61 17 5854
86 51 9577
100 39 6166
65 68 7831
2 51 8141
53 39 7494
91 89 6062
69 32 6676
88 18 8276
57 85 7014
68 26 1997
45 25 4586
71 33 4064
100 14 117
28 6 747
75 34 881
17 47 394
56 44 6614
37 76 9639
39 80 4535
91 56 4668
18 70 7526
96 23 4763
14 11 1310
93 5 5859
83 5 3857
64 70 2017
25 46 8874
15 5 2085
7 74 7041
99 87 295
42 99 4521
92 100 2740
10 51 6297
23 52 5165
60 70 6215
10 9 1992
12 22 7033
15 3 9889
53 8 3086
68 8 2195
35 92 3664
34 42 9252
69 51 8608
7 4 2600
73 85 7643
19 92 9177
96 1 2367
55 58 212
2 100 2131
85 13 2113
1 95 8599
42 52 565
53 78 7151
76 95 1394
68 80 8089
49 95 7395
40 74 2746
41 75 8591
81 64 627
98 94 8618
44 43 2610
26 76 6755
90 8 5979
2 87 5648
30 37 5190
12 51 621
32 48 9758
83 59 7740
46 84 8070
37 66 8225
33 96 3177
42 92 2449
41 38 6993
53 77 6407
70 15 6545
7 80 7953
31 22 2888
57 29 3399
76 62 5510
11 23 1500
96 11 9102
93 51 4863
33 66 7799
58 84 5316
72 32 8124
11 18 7285
27 28 749
49 32 2519
50 43 5995
68 71 8047
28 5 6163
2 5 231
79 7 8557
30 21 4599
89 93 8716
48 57 6041
34 21 845
98 5 649
66 78 7201
10 84 4074
14 89 4350
15 7 9077
27 34 4584
59 57 1923
53 41 3846
7 53 6390
22 36 4090
91 61 1085
92 94 7263
23 89 3349
78 73 874
9 67 6526
48 68 6545
20 82 6320
60 58 5581
68 5 9063
55 62 7610
7 30 314
16 10 6539
100 67 9763
79 65 9426
26 93 9157
30 6 3739
74 24 5661
17 89 9425
36 58 5245
9 68 2468
54 64 3493
88 15 1087
6 45 1988
36 16 6918
88 66 5893
47 13 9736
71 74 8125
35 98 2563
94 3 5907
56 77 4572
78 52 5041
46 55 2043
94 49 7807
78 47 4806
16 50 8558
39 11 599
27 2 4804
97 34 9399
86 1 4673
52 31 7205
93 28 1951
55 58 2087
71 2 1060
17 42 4740
88 29 46
7 52 6194
65 48 2442
34 5 3584
71 70 9180
7 46 6727
55 30 4189
74 19 3271
13 67 3706
81 60 8751
100 42 7547
27 53 4017
85 70 349
21 27 3629
16 9 8569
70 61 1738
2 41 2963
36 93 7228
96 43 5803
89 68 2636
36 99 5984
29 20 7214
50 27 3454
19 54 6417
84 70 2885
5 97 5329
92 73 8815
26 18 6886
19 34 9255
41 22 9874
70 44 4659
96 82 2312
36 71 2725
89 25 7091
86 19 599
77 4 643
94 39 7744
19 28 2152
66 12 7330
23 52 2014
87 46 7679
8 68 7818
38 79 2975
36 99 1490
19 17 2354
82 76 6174
16 41 7416
13 63 8074
67 21 4777
41 92 6878
95 85 5590
55 38 5284
30 20 620
83 4 9477
33 84 222
18 17 4772
73 87 5317
15 61 5000
27 73 7463
64 46 8088
52 84 9225
73 56 1449
88 80 1942
29 55 262
29 40 7440
40 25 955
13 91 1731
32 42 4100
50 11 3082
10 24 2913
43 16 9994
91 40 1629
59 97 5595
66 81 5750
77 54 1807
88 56 3778
97 89 3226
34 67 9375
54 46 3385
57 23 4489
6 60 5468
89 4 9049
64 55 863
13 68 6754
29 98 4297
6 46 3025
64 34 91
70 6 2819
53 87 4532
18 91 934
35 81 7658
2 77 3055
81 61 4152
21 38 5068
95 8 6783
54 15 6182
40 80 9656
1 60 7769
92 72 7164
42 88 4328
77 78 6242
7 6 1137
66 15 1
18 37 4875
64 90 5204
14 54 8730
51 32 452
33 80 2875
69 62 3867
83 68 2619
31 39 8440
26 54 2448
32 87 2351
15 59 6241
83 1 5720
28 59 8650
17 19 1052
45 6 7166
50 28 5578
27 100 4830
15 43 6366
50 55 4788
13 35 4177
33 37 7202
90 30 5785
65 33 7035
32 62 8612
70 58 3327
1 77 1213
8 33 5158
49 72 3891
20 31 8210
30 10 2498
57 15 9523
45 58 9146
92 75 7714
99 24 7169
78 31 4066
81 69 7921
43 97 7584
76 9 5215
55 89 8395
15 55 8008
95 32 2389
5 70 4628
23 62 3611
53 41 5985
35 15 6226
85 9 5385
7 33 4389
59 95 1112
80 88 8170
70 22 3518
55 11 9242
20 31 6800
14 5 1435
32 27 458
43 31 7388
15 85 8214
78 94 3171
72 26 6440
56 65 2412
67 97 6261
46 41 2947
19 46 9527
32 65 6900
28 88 3297
89 8 2173
62 43 7208
36 99 1342
21 86 3933
33 29 2801
10 32 7114
88 22 563
99 94 8403
6 99 3144
18 100 591
46 90 3396
20 88 7761
50 48 2347
55 19 5707
23 77 8145
1 99 7485
80 32 8310
15 48 7166
44 47 7328
9 45 9290
68 12 5661
65 100 3933
52 100 6639
40 28 1
56 31 9449
90 42 9138
37 17 4432
48 10 9527
5 69 7135
65 78 9321
14 42 1415
10 38 949
28 90 1759
61 39 4679
5 96 6963
68 66 6354
13 59 1975
74 32 7196
27 96 8379
68 56 6223
65 37 1704
73 33 9869
33 72 4345
3 67 3632
66 94 8428
11 52 7460
100 1 8237
12 47 4096
54 45 303
28 1 3010
29 67 5065
42 52 9546
88 39 4927
21 1 8354
78 99 7363
94 89 2620
55 86 7217
72 61 5622
69 59 2229
20 5 4244
26 28 810
98 100 2905
46 20 1034
71 29 5678
79 69 7606
57 16 2160
82 23 964
15 78 6793
45 99 68
100 4 4526
95 50 5845
71 30 1170
63 11 842
69 87 2598
11 100 1289
76 64 4200
34 60 2922
96 77 5862
28 41 9153
95 97 9029
88 22 4563
37 80 9694
14 47 3072
42 15 5417
81 62 5659
89 80 4730
39 19 908
10 34 7031
48 96 3530
29 93 4864
16 72 3955
42 74 2253
39 58 265
24 97 7218
78 4 841
38 20 3207
94 16 6367
30 44 6297
99 97 309
2 16 106
44 36 4505
15 2 648
16 22 4209
1 25 7298
72 68 2032
24 39 1181
33 14 2321
82 33 1783
1 25 9947
5 88 5496
90 50 2250
22 20 4253
49 13 8270
72 90 9667
56 48 3210
15 37 15
66 14 9969
74 18 1986
60 46 6077
1 95 3477
90 24 4857
26 88 7325
55 90 6598
21 40 9716
44 72 9259
26 92 2980
5 84 7346
30 71 2960
95 74 5849
63 79 7166
43 29 5390
3 77 3844
82 90 8862
52 30 5409
100 29 3881
75 61 7503
11 42 1403
99 3 7347
25 19 2985
63 65 4980
1 4 3586
94 95 6098
81 14 5793
18 26 5839
21 54 7791
53 44 4938
30 76 9227
52 72 8906
68 57 9964
57 55 7988
16 47 5042
9 21 524
35 75 9761
93 14 509
22 55 6594
84 95 3831
38 62 9389
19 82 3048
15 2 283
90 64 3967
35 89 4090
8 34 8655
62 25 5759
69 17 7245
70 94 335
45 83 8614
66 63 3491
57 49 5275
90 36 8645
70 19 3248
73 57 3051
46 63 9325
56 5 8834
83 58 6767
74 26 1785
81 52 5719
59 7 6789
69 93 7190
32 1 5740
93 45 3722
58 16 5264
5 51 9136
94 98 8478
12 84 9881
81 65 3293
11 35 1607
51 89 9985
47 64 684
84 21 9262
35 13 5336
52 15 6806
4 13 4407
55 15 7077
11 76 249
1 61 1714
47 6 3912
29 35 7043
55 58 5308
81 64 6375
28 39 6466
64 58 368
53 9 5546
45 49 6729
9 63 6267
63 75 3630
46 27 3164
5 15 86
74 98 7855
80 53 6384
22 21 5551
31 2 4698
50 91 1936
96 12 7764
29 88 541
46 58 7164
4 79 4541
77 24 2332
71 84 3598
9 72 1728
81 87 9957
54 56 3900
35 77 5886
87 72 679
83 57 138
34 19 5952
53 45 5747
55 32 6742
53 60 7864
69 24 2671
26 17 52
27 80 1780
1 15 9014
75 74 8784
36 73 2719
89 77 6038
70 18 8838
87 62 2965
60 37 2255
7 57 5241
72 75 6652
59 20 8016
31 83 2297
23 79 3757
99 57 7266
40 68 7442
82 38 8788
65 60 4082
2 78 6471
8 82 6930
60 50 3544
94 64 9510
95 3 6625
35 79 7701
2 57 1535
34 7 1232
30 37 7090
44 72 4879
8 9 5132
59 72 3810
38 15 9622
36 56 7509
32 57 9749
30 26 4173
58 15 3530
64 42 690
60 48 5693
92 43 6886
45 73 2128
94 19 6248
83 53 1775
7 100 392
38 94 4125
65 43 42
81 47 9460
41 15 7777
44 80 6870
95 83 5243
34 40 5753
9 79 2462
93 55 8958
60 9 7211
82 27 4037
3 55 587
87 95 1096
87 88 4165
53 19 2893
53 90 9651
34 61 3012
30 81 8690
9 34 4992
49 93 2577
87 43 2691
61 76 1844
31 3 3533
11 94 3360
29 95 8394
94 87 5089
39 75 4836
81 9 4733
11 61 987
13 37 9052
69 81 4495
24 61 6261
58 9 5708
93 80 9717
11 38 3681
28 91 4098
55 29 7555
3 57 7867
63 68 9384
50 58 4382
15 17 5403
90 93 4274
40 97 8204
90 53 8808
28 11 5061
80 5 2427
65 47 7119
87 76 7350
43 30 3854
56 32 1832
35 65 5110
16 96 8821
33 91 4997
47 77 5694
97 59 9973
90 13 1181
38 29 2891
39 14 388
66 28 4723
49 21 2582
62 35 5605
1 62 2013
18 16 7338
84 96 9853
83 85 8782
50 83 2911
80 49 6694
40 90 527
42 24 5132
79 35 1500
37 40 2860
90 60 6412
92 22 8592
47 84 9371
99 25 3795
16 68 2204
17 15 3277
1 14 5755
51 78 9347
8 28 3106
15 88 5956
90 60 4836
36 51 5761
63 99 1508
68 80 6576
2 23 7390
34 92 4674
15 69 7576
48 75 5010
8 79 9805
12 7 9259
8 91 6872
7 47 3493
57 5 4912
93 72 1270
22 95 6232
9 46 1083
18 87 5186
34 86 4057
13 34 2766
31 4 6789
77 54 128
52 94 748
38 18 8888
89 72 863
24 66 9360
32 95 8034
53 26 4457
42 63 2610
95 23 9067
74 55 645
53 57 5418
84 43 7428
36 72 3586
93 35 8162
7 27 1695
57 13 8719
24 88 8987
89 97 6209
56 28 9351
64 62 2185
66 83 6307
35 80 5290
40 71 9313
5 18 5387
68 18 327
71 55 8532
48 92 8165
49 43 8926
46 79 7354
40 27 7864
43 73 2446
7 74 9955
86 61 469
51 16 6400
74 86 7427
43 99 7450
74 85 1509
25 14 9036
11 31 804
89 91 1141
45 7 7640
96 52 2873
4 59 496
30 54 774
14 65 1268
36 71 6159
82 14 9761
38 96 9231
57 35 4071
17 89 935
63 58 205
98 87 1223
5 36 1568
9 95 3926
2 82 3010
100 96 3554
10 28 8007
55 35 1475
78 25 1655
73 69 5705
6 82 1436
85 41 4084
94 12 968
3 9 4045
77 62 3719
8 52 9305
41 57 3802
81 19 3092
65 38 2771
42 14 3991
38 64 8112
48 60 5637
14 38 416
95 44 922
52 64 2606
6 52 7120
29 19 3996
96 69 8568
8 100 1075
33 43 2172
29 46 3711
45 19 2028
60 7 205
89 15 465
26 25 3029
70 32 3688
98 29 2774
65 13 7179
40 28 7001
58 26 9814
44 84 6330
35 7 1881
26 55 4919
46 52 8952
82 47 1964
96 94 2022
79 30 8116
96 90 4919
88 96 606
50 61 6420
58 98 2173
14 45 6667
94 24 1542
15 58 1855
69 82 2202
17 96 7960
18 56 9986
7 81 9918
60 59 2616
78 6 9754
79 42 171
74 19 7273
100 66 6010
46 54 7152
100 78 478
5 55 2622
50 48 2624
5 98 9868
49 8 617
78 25 279
54 66 9464
3 56 9793
2 94 3621
10 55 7512
100 56 6961
18 33 2258
45 14 7827
10 65 9702
89 19 5720
78 61 5686
28 63 2169
30 88 9947
26 48 6869
62 69 5732
18 62 6848
67 77 1934
90 87 2075
87 21 6804
15 74 2445
20 4 923
96 19 4
16 44 3956
19 26 1007
60 99 221
55 3 9579
75 51 3255
100 90 179
91 24 5129
56 79 7545
16 47 8404
25 62 4820
74 7 8473
86 23 5235
96 53 7281
17 1 3361
65 16 3984
33 83 9663
44 29 4975
37 26 8152
98 22 8943
84 28 796
70 72 2209
90 42 133
56 95 7458
70 25 7332
2 71 2227
32 29 5786
3 31 5014
66 7 6570
42 25 9481
17 26 2779
40 99 8954
96 54 7769
66 3 948
52 94 3547
22 65 6199
43 6 9071
58 46 2947
33 79 9241
76 38 2169
54 76 6838
89 86 1021
76 27 6469
44 97 3457
22 12 3742
93 2 2293
89 41 1801
3 11 9876
42 48 2822
97 10 3499
89 100 7887
91 52 8925
58 8 9166
69 30 7796
16 98 6672
69 74 5158
2 26 8169
20 3 351
23 24 9884
1 88 9043
100 36 3433
81 44 7796
7 99 4490
79 69 157
78 80 8379
88 57 5579
99 57 4860
87 8 1425
13 82 9547
65 94 103
50 64 5009
74 56 9252
29 56 4559
17 56 1672
9 91 3814
96 29 1855
97 75 3793
59 57 6844
89 23 117
36 32 6781
65 12 4210
1 29 6460
5 28 3063
90 12 7702
48 36 6286
22 63 3168
78 45 1721
87 36 1168
56 97 5509
4 68 2906
64 21 2898
71 75 1769
29 32 9487
90 23 6673
2 47 2919
5 28 2750
51 29 9731
44 49 6016
45 29 7620
69 8 6425
42 56 1774
49 55 8567
26 95 2186
13 94 4681
14 63 7764
71 73 5794
16 25 7669
86 32 378
48 11 540
35 16 9387
15 96 2211
25 57 3028
2 37 3833
66 84 6084
28 18 4086
45 55 1248
18 38 785
3 64 3151
1 84 8581
78 76 3784
32 9 4021
82 26 5474
42 47 7648
72 59 1657
61 56 8229
83 60 6799
74 96 9622
23 41 9478
31 63 9585
61 55 3269
58 97 5140
86 97 4931
54 100 1927
47 2 2493
33 87 2728
57 52 8573
16 79 7452
82 32 358
51 70 9737
64 67 894
49 21 4171
2 78 8046
83 84 7504
84 35 1888
28 18 1144
76 2 7983
93 49 2276
73 4 3944
9 91 1019
62 50 4747
56 32 8205
75 89 5588
3 23 3655
74 4 1620
100 61 1690
1 59 1914
6 53 8956
67 100 5856
77 7 7434
41 32 4550
44 87 6448
62 76 5851
29 21 7986
27 57 2285
56 22 9629
70 20 5853
43 71 2027
19 18 7096
29 84 5757
44 31 8830
83 3 5132
18 24 9554
43 61 2699
69 28 9859
32 29 8373
19 62 5503
62 25 7872
41 89 6216
34 91 4331
74 45 8972
66 80 3557
88 71 5342
32 90 3268
19 92 4655
23 22 6425
57 54 8180
96 65 911
26 4 8632
40 49 4732
44 32 4064
53 24 1221
57 88 6008
37 2 5289
93 100 4479
89 98 1078
75 28 6450
61 89 9437
53 73 5105
85 12 6305
81 41 5869
73 91 9127
82 27 4202
66 65 6793
31 52 3842
98 14 4559
77 67 7575
75 18 2178
74 1 7379
21 18 324
64 21 9793
46 84 358
88 28 8115
30 68 8337
85 35 8919
71 43 1064
62 98 8621
43 94 2557
24 78 6176
50 62 1301
54 18 7186
80 82 1296
78 52 7298
89 68 8774
82 52 1837
40 48 9806
64 21 7870
52 31 9355
84 27 2709
58 73 1955
50 94 7131
35 36 7456
84 83 7903
21 12 1007
99 73 3094
16 73 9145
4 96 8549
7 97 8893
30 85 8559
9 59 8296
36 13 7037
14 39 8248
56 85 868
79 47 3984
44 95 4720
13 50 2041
10 59 1023
69 51 4261
31 92 6578
61 49 140
60 58 2027
70 69 5883
31 33 9951
87 89 138
67 10 56
8 39 8106
21 4 2627
74 76 7091
1 56 3716
55 30 9980
48 77 4097
36 6 6380
82 48 5833
47 59 9824
42 68 4843
69 42 8606
52 62 746
35 3 7240
54 24 9774
19 62 8236
50 58 5640
28 83 9094
87 16 1676
59 70 3438
2 36 4176
86 63 1369
64 93 1556
44 29 7725
84 39 4395
73 84 4798
13 38 8778
43 32 5514
66 97 9071
95 33 4896
99 34 6192
57 47 5839
58 31 51
65 2 3929
36 68 7479
50 20 1684
25 77 485
61 64 7559
47 96 9483
95 84 4888
98 68 1989
36 23 6370
59 37 1702
82 57 7134
18 65 1925
75 81 1277
78 30 8486
99 19 675
84 93 6487
55 18 260
24 18 3673
66 83 6890
88 30 6702
82 96 1275
59 93 1042
10 46 6852
79 90 3899
26 99 5118
16 60 8306
97 60 4977
93 72 2065
10 89 7429
30 92 9867
68 95 3177
28 61 6149
72 89 5491
8 59 9256
38 49 1912
51 71 9459
31 62 2356
8 9 959
39 18 6216
87 43 7874
44 83 2290
2 88 5518
22 53 8448
8 100 8876
85 97 1224
91 78 2979
27 83 8550
89 37 6705
5 92 2183
20 85 4387
7 61 8975
90 96 5541
24 82 829
5 47 8081
85 65 6594
39 19 3511
83 49 2270
23 8 7371
38 100 2095
41 79 2702
47 94 9359
35 28 9095
14 30 3048
8 28 5656
56 43 1040
20 74 4851
25 44 405
40 8 8018
20 22 1028
46 71 5571
83 100 1749
71 62 162
29 33 2458
20 67 1295
72 54 1492
73 68 15
70 90 8278
56 74 329
63 17 8188
80 79 7169
89 18 6417
7 99 4319
94 80 1099
98 47 4855
5 37 568
8 4 1240
26 20 1231
19 61 8666
47 74 357
8 52 9567
100 44 4771
2 12 5879
21 63 1872
80 55 2999
81 5 4019
72 82 4047
92 78 4313
78 58 4089
12 20 8527
73 13 7540
23 19 2357
52 50 2480
37 87 8658
15 30 541
86 14 392
30 6 3047
77 44 7872
69 66 338
39 11 255
21 76 7261
45 91 9108
15 68 2092
20 24 4351
50 33 5638
78 25 7008
17 96 3752
56 62 3819
81 59 8957
92 81 6397
44 61 2697
93 84 2573
10 39 6522
73 51 3711
24 95 7187
68 27 4541
82 14 6013
46 49 1850
86 96 7904
51 89 4508
8 83 793
83 97 4866
44 10 6408
55 46 989
32 7 2928
16 85 5614
100 12 2961
17 78 3086
69 81 2307
90 45 5293
85 47 3869
45 11 786
17 72 1871
44 67 7621
65 36 4327
10 49 165
12 21 7856
45 70 1790
67 69 588
34 54 6826
37 42 6033
40 6 5020
31 24 3376
25 30 5636
97 31 9570
55 52 2980
24 4 8060
6 87 4187
97 51 5048
70 63 3452
70 22 2261
45 42 9201
6 11 6604
12 66 1281
92 78 4336
70 41 809
66 17 1946
76 14 2744
42 35 9519
13 8 4659
18 26 8719
33 95 878
53 34 2077
30 41 8790
84 21 4040
2 75 4908
52 17 6003
54 50 1205
92 45 6052
71 38 4070
14 20 8972
6 48 2430
15 69 5706
85 89 1133
80 41 4261
52 60 4420
6 55 6814
17 66 2445
27 34 7763
71 96 2652
82 51 1938
46 83 4083
10 41 2769
21 38 9091
77 86 2062
31 62 6178
8 73 2942
65 45 4598
46 41 1950
54 31 9227
16 54 4304
40 60 6907
44 86 8718
4 26 4011
49 82 5280
87 53 4797
97 7 8059
22 5 3037
67 70 7076
10 36 6638
55 68 8165
13 2 2726
29 27 2927
21 48 6430
30 1 7345
99 29 1894
24 52 1975
37 86 1604
47 50 4979
10 62 7587
47 98 123
73 46 5969
29 100 870
41 43 8231
65 42 1635
42 6 139
61 12 3657
51 74 2002
70 35 3373
25 75 6312
85 7 4834
19 54 9583
11 61 736
31 33 35
35 30 428
73 48 3288
13 65 9995
17 49 6837
53 86 2383
6 15 9260
23 91 5611
14 37 8197
33 49 1843
12 88 7512
23 5 9815
3 33 2758
28 95 6627
29 10 6300
100 59 9914
46 51 3837
86 37 4993
76 35 722
92 15 8588
12 14 6319
77 6 2482
97 2 4372
75 22 8006
94 22 492
16 82 2903
50 41 3056
60 89 7058
4 35 8039
37 69 7593
47 35 4786
23 76 5135
71 57 1163
69 54 6298
75 92 7457
81 85 795
67 25 5235
61 5 9275
9 8 920
54 69 9375
82 70 8340
99 100 9931
89 43 4454
92 91 6287
85 33 6575
24 11 4921
49 62 5698
54 98 3229
100 42 2234
17 77 4843
99 86 6348
3 73 825
77 73 4383
75 74 279
46 16 9402
32 55 8875
40 52 328
59 58 2596
38 8 7276
17 84 6022
82 57 4096
42 96 2827
90 87 4507
5 16 6947
60 42 6946
79 32 6714
45 15 2298
66 18 8420
32 39 688
74 26 4905
83 50 1030
41 67 6927
28 56 5547
72 81 7671
47 92 8816
49 1 3003
54 70 7803
81 13 4588
91 48 2680
35 84 4170
29 27 3050
43 27 1732
51 6 887
94 44 5590
73 19 1197
2 5 1752
80 97 8567
4 19 658
53 78 877
68 99 1444
54 25 290
29 34 3154
19 16 2320
99 11 9815
56 93 2666
55 64 8755
72 30 1580
80 26 598
53 65 9675
91 27 7469
8 56 9182
21 38 4604
30 54 6820
93 40 348
86 68 4888
79 87 6179
36 39 1616
74 49 3655
53 85 2079
64 57 1385
44 3 4750
75 56 1756
93 89 6954
11 73 38
17 4 1320
16 27 9295
28 92 1940
62 88 4075
12 70 1274
6 49 1488
29 96 8877
11 75 6845
19 95 3420
65 63 2568
72 92 7762
87 50 1161
14 78 1302
10 65 6379
77 71 6527
44 33 8469
86 53 1780
7 52 8686
39 9 247
48 61 2876
80 47 2665
21 47 942
46 60 260
5 13 4158
52 88 466
76 59 9988
31 34 5110
58 19 4814
40 63 4356
13 28 7044
73 14 8843
30 4 8445
66 77 2105
14 100 5210
36 59 6240
49 98 1449
47 82 2916
90 65 1488
34 56 6119
12 82 366
40 47 3040
83 27 2497
77 44 6167
44 39 9221
19 76 8844
67 60 3038
19 80 9684
45 46 9673
8 73 3466
24 5 8513
5 46 6532
62 19 5499
19 98 5690
89 53 8618
53 59 5705
94 69 6353
5 96 651
76 3 6913
62 27 8149
64 52 4548
3 88 4426
100 42 9024
66 68 9528
67 77 6137
66 74 1079
36 65 6679
2 33 3649
36 95 5804
36 61 5843
73 20 6680
29 21 7774
42 6 1252
34 15 1144
85 91 1594
21 75 2191
21 3 1315
97 88 5666
39 71 4806
70 74 3523
58 94 7494
42 24 3660
63 35 8030
49 62 3765
53 51 9607
47 58 4340
48 95 4007
7 60 3693
40 53 3302
51 47 7589
69 54 4329
73 56 1157
87 63 5897
6 81 860
44 10 9479
51 41 5486
12 47 9676
17 38 2468
47 10 7878
7 53 4853
40 90 9894
47 73 6966
82 59 8414
88 32 157
22 97 634
59 52 3442
56 84 2933
63 92 8098
25 14 6323
22 57 2167
17 64 9681
62 77 5255
26 21 390
97 57 124
85 41 8288
46 59 5419
39 36 8284
63 50 673
84 78 1084
7 17 5745
48 27 6198
91 68 3749
7 57 1400
82 67 6975
61 40 9150
8 26 6203
24 10 9232
55 41 3097
65 70 9464
89 91 5421
6 52 3149
30 96 8975
15 53 6949
33 26 8325
86 88 6326
64 29 3518
53 40 6711
63 92 5325
100 88 509
12 77 8451
69 82 459
73 2 428
49 11 8071
92 21 9707
13 4 410
22 1 85
16 34 6670
98 80 5566
31 82 3332
43 14 4179
60 91 7855
44 6 8011
36 39 9651
86 6 2829
11 74 1561
10 17 8876
48 96 3920
3 34 3004
17 38 1151
77 52 5591
10 57 16
70 61 599
51 7 5622
57 48 800
22 92 206
4 53 4202
31 29 4137
51 28 6102
79 83 2246
35 89 4353
28 49 7780
4 33 5232
2 100 6680
6 46 6697
69 57 9114
96 69 871
88 94 7433
37 39 6361
4 93 8769
7 94 4397
81 50 5564
12 83 618
57 58 8230
53 62 5994
41 21 9656
19 42 9827
95 2 1973
33 5 1712
35 59 9566
30 14 4317
16 12 8637
28 95 947
72 66 9110
65 41 9305
41 32 3421
8 22 7593
27 4 2317
100 69 8073
57 60 6130
73 62 2216
10 73 6224
62 14 7042
22 44 9459
14 37 5913
9 90 9873
77 95 6783
77 5 8651
70 83 749
23 24 653
97 78 5757
2 33 7195
23 88 5138
21 37 8979
56 7 356
67 93 4055
48 63 7426
78 21 3066
88 37 3837
46 50 4610
79 27 8951
22 86 936
2 78 9505
72 11 6555
67 22 7776
62 96 3761
34 68 7220
60 53 6814
79 66 504
33 66 3566
56 31 1237
17 64 6409
71 1 6995
100 43 1264
37 86 3090
18 69 2401
48 52 7954
42 63 6693
88 94 7783
89 75 6844
1 88 8823
28 92 5779
95 58 4435
18 98 7742
57 55 2859
98 37 7899
82 92 2559
53 91 7659
48 45 7942
75 95 7821
97 100 9
57 67 1002
30 100 1362
52 16 7993
71 33 9024
53 51 7106
47 74 3664
6 81 7175
14 57 7741
79 86 1332
11 86 943
1 53 8389
73 55 6320
9 3 232
71 79 6157
5 56 794
91 89 2501
13 50 5649
4 7 6928
62 49 4335
10 48 1319
89 26 6503
66 31 8344
60 6 79
77 56 1026
99 77 9393
29 52 9151
21 23 1721
37 62 396
13 79 1706
27 100 1035
29 96 5700
24 82 2542
31 87 2658
69 94 4004
75 85 1058
80 35 5267
78 46 1801
75 72 4413
66 97 5262
6 37 2233
8 61 309
13 69 3050
46 90 6367
68 45 1239
81 45 5781
88 82 8858
32 70 1160
39 72 272
54 10 3106
3 86 69
81 26 5242
40 82 9729
46 81 6040
61 51 3995
78 1 2836
37 18 745
75 13 4914
20 2 3255
61 62 3541
9 68 393
24 88 8442
44 56 8468
85 68 3727
87 86 3457
39 62 9617
100 69 4097
57 3 3642
98 24 3716
20 78 969
77 28 4616
98 83 2178
26 46 9176
55 48 1333
100 60 332
39 80 9143
84 80 3414
26 84 9870
14 23 3378
55 100 8059
35 85 7420
94 51 789
25 77 2286
35 50 8200
53 68 1556
46 38 53
75 74 8682
77 10 1138
65 80 5492
56 87 4099
10 80 1703
17 3 4598
60 68 3365
48 72 79
7 20 1604
52 49 7958
92 16 7302
1 97 4046
14 99 5001
86 9 9941
24 95 678
48 97 1914
7 12 8537
82 91 2880
95 53 8848
49 76 4547
34 8 1252
92 86 2676
61 16 3189
72 74 2247
58 20 8849
46 100 6513
4 2 21
5 3 3245
42 77 5809
12 17 7363
63 58 5090
77 20 8410
71 29 5141
7 66 4062
31 92 2800
25 55 8994
12 18 5935
47 39 6747
41 30 1206
88 32 3932
77 58 2168
35 22 2213
24 44 1019
28 96 7509
42 23 5743
29 92 4943
3 20 1844
32 47 2180
72 37 1806
20 85 3354
63 56 3226
16 43 1436
38 24 4079
18 76 5287
63 71 5185
100 82 7970
45 43 7299
65 54 9826
32 82 8788
62 51 3821
39 72 6945
35 16 9337
73 23 2995
74 79 3760
14 51 4419
45 71 4125
6 24 6363
69 80 7146
86 1 6727
99 65 8129
80 95 9673
31 20 761
17 81 6655
22 100 1346
2 75 5788
98 79 6531
75 24 275
81 82 2522
67 17 1963
40 34 7590
78 56 3285
45 79 2231
77 42 4851
90 20 416
98 100 4588
43 30 1648
74 56 1317
55 46 4541
58 27 4757
99 90 5658
89 77 9915
68 4 982
22 44 6877
46 3 165
90 56 2606
2 21 1950
81 88 1711
81 89 39
12 90 8696
22 100 8960
12 68 2968
51 56 4108
2 1 5458
52 62 9506
35 40 5036
50 85 4364
7 2 4547
47 33 4194
45 98 8684
37 78 4547
99 18 2072
17 67 9234
20 6 396
68 74 7533
28 42 8528
42 97 2890
42 85 5335
88 29 442
14 56 8981
1 72 7561
50 28 6136
63 72 8572
66 72 3320
96 9 8447
61 6 4697
59 49 8075
12 11 471
67 19 4042
50 98 5558
85 25 3672
42 77 1815
17 8 2234
16 60 2849
65 39 719
81 56 9177
43 19 3413
84 51 7308
77 95 8315
27 77 3997
59 66 3525
78 95 1888
68 91 7998
52 65 1457
70 80 1133
38 46 5090
30 21 144
15 8 3235
21 79 695
67 29 6999
5 67 891
34 86 1356
1 40 6623
16 61 195
47 11 3845
4 6 8734
65 17 5784
89 48 3640
40 25 9136
2 59 2603
90 32 1401
78 94 4705
38 48 9368
60 62 8479
34 88 8422
85 31 7333
84 99 1246
35 40 3517
69 66 1562
45 91 3169
97 91 5409
3 27 6798
82 15 2898
33 29 9532
69 50 4169
9 40 2586
47 42 1895
95 62 9849
94 92 8814
27 6 5544
62 74 1953
6 27 5060
90 16 8520
5 7 5683
47 98 7778
56 11 7473
43 20 6113
77 80 6715
23 80 5483
92 17 304
41 98 7639
68 73 8357
70 66 5452
54 4 3265
86 32 9837
55 84 9571
8 93 5619
1 87 292
78 17 1014
7 80 1004
73 65 2794
46 26 2414
1 52 1566
93 11 8189
78 76 5850
19 81 4436
36 35 5197
88 18 2150
29 27 6430
55 73 6648
80 73 6089
55 92 5288
57 12 2080
63 82 5893
10 24 6876
66 5 2388
87 31 8801
41 19 581
48 71 3617
36 53 1314
13 44 3202
66 64 7638
21 54 9926
19 45 8523
90 92 3703
33 58 231
79 46 4318
22 47 6539
100 31 6827
90 43 7206
44 42 9998
4 13 3199
56 61 2935
67 51 4016
79 95 6462
95 16 767
94 79 6939
82 11 6391
49 23 6781
34 63 9864
72 47 9253
75 93 6607
27 69 6556
18 63 4179
10 62 3664
72 77 6020
31 60 6567
38 73 7826
93 55 5461
88 1 1222
15 93 1947
72 81 8057
84 30 8702
3 64 2062
34 37 7669
99 46 6016
52 32 8581
68 98 6293
26 13 9813
71 43 7635
53 100 9567
73 90 3608
37 63 4387
33 89 1525
98 54 9071
83 39 8488
18 59 609
40 79 1612
61 96 2715
8 89 2408
62 24 6162
71 14 6523
29 85 3430
52 93 3331
90 26 7757
68 76 7325
35 24 9470
86 42 6726
23 84 2104
51 75 5928
77 83 7251
52 65 4976
66 70 3711
63 36 2053
45 29 7877
64 66 4002
68 8 5510
85 88 2416
61 37 4544
99 48 5703
69 49 8526
17 15 7816
73 25 2591
37 86 6719
8 19 9303
13 98 6033
64 24 13
41 32 1724
90 63 7315
50 81 4340
42 76 6686
46 19 6689
89 24 3472
70 81 1344
11 89 2689
13 97 8188
72 77 2855
64 41 7698
35 29 8584
93 92 5792
52 5 6732
45 3 9686
73 44 5116
65 27 3
28 7 4343
75 86 7870
87 28 7226
89 9 6836
7 8 4751
75 23 5991
39 35 1768
77 38 2587
40 51 3120
84 48 7952
55 100 7676
36 37 1737
22 20 5661
79 63 1993
97 18 5175
60 2 4280
44 79 3333
87 73 9105
74 95 6640
84 37 9784
38 23 5164
83 84 2770
29 79 5037
96 99 2306
68 23 8327
13 5 8947
9 14 5052
50 42 1255
15 74 917
55 80 3718
89 52 7174
13 60 2642
32 10 8863
71 50 1806
13 20 2818
92 54 679
61 84 9818
26 12 1417
30 34 8270
41 3 173
81 93 5059
43 26 6908
32 95 7180
84 83 5268
51 19 5428
77 98 1070
5 74 7534
52 32 6596
69 14 1894
6 100 5323
47 53 2931
37 7 2737
61 68 6659
8 80 3471
18 42 995
35 66 1523
58 24 6326
29 52 3893
46 38 1490
2 33 755
14 42 3882
99 15 7479
100 11 2170
50 62 9681
33 63 4770
50 85 2360
1 68 4755
71 34 1309
26 41 2474
86 85 3777
6 31 6445
54 67 8159
100 37 330
79 42 9346
69 11 9784
3 78 2435
59 23 6551
39 61 3255
91 90 2653
31 17 5558
30 50 5499
48 70 7206
49 43 2605
60 38 236
23 17 3618
89 43 7211
4 7 4744
47 46 6341
64 94 6360
51 30 2737
10 38 9885
67 60 2963
37 62 1146
17 62 1680
79 30 293
36 9 6901
23 56 8336
21 50 3395
44 52 8707
63 22 3726
76 38 3416
76 61 4669
98 63 8190
61 39 2286
8 99 7115
9 22 1621
47 41 8638
71 11 4823
66 61 6334
92 61 5310
85 55 7223
58 96 5306
100 97 4456
93 47 92
10 34 7513
28 2 2875
18 98 8394
25 100 8670
28 36 9265
82 51 7744
78 92 4057
95 70 2835
24 91 4370
67 82 7678
100 92 9390
54 55 645
31 7 7182
96 73 5803
80 42 4931
38 31 7805
60 84 6798
63 89 234
27 7 1043
73 52 45
28 86 2732
26 57 4718
86 46 2479
75 28 3989
100 35 2812
35 25 7317
32 39 1951
86 14 3642
25 42 196
97 12 8591
79 12 8340
83 43 9331
58 71 2797
19 96 5224
15 54 8854
36 35 8550
19 59 2263
10 54 4564
95 83 8640
40 86 1009
32 3 6092
41 93 323
11 72 4473
60 7 9190
51 36 6507
68 52 9904
37 66 4845
75 62 2784
89 19 1139
53 12 8888
22 70 4102
95 40 7228
25 60 4879
44 52 7423
77 37 9517
57 81 5955
65 88 4640
74 40 5005
76 97 4389
65 93 3178
23 42 9763
69 24 3617
94 34 951
11 68 1199
100 71 2488
100 29 9257
19 11 3840
64 15 4644
75 7 8901
27 7 8431
73 78 9460
15 95 9528
23 65 1607
32 63 3935
96 48 508
86 80 1915
18 13 2314
71 1 4699
92 74 2428
36 59 1494
66 55 4453
74 60 117
86 88 619
26 82 4176
16 19 5668
22 20 2798
17 66 6623
78 25 7537
63 81 5058
64 55 2570
94 61 9430
27 82 3706
79 41 2947
85 3 8158
44 93 5049
41 27 1228
18 79 1223
8 4 5064
58 49 3090
49 54 853
3 21 6167
53 56 4097
40 59 1654
27 10 466
94 40 8504
25 7 3369
35 89 364
82 15 1752
44 11 9687
51 16 7586
55 97 4509
2 25 3039
47 50 5477
92 93 6551
74 94 1071
20 84 7120
30 23 3614
38 51 530
44 88 6229
94 42 9331
65 76 8696
69 57 3884
28 83 5362
84 35 7344
96 21 1559
16 76 4661
45 2 9107
47 22 4485
11 66 1776
55 6 1466
51 78 863
22 16 6421
3 49 989
82 54 6568
69 99 1741
61 6 5336
46 86 8896
84 34 9451
86 66 9200
16 21 5149
24 12 5870
61 60 917
14 98 6345
12 45 2093
55 20 3017
40 59 9445
31 6 3493
88 63 4732
87 56 1714
37 17 3113
47 44 6490
14 67 6107
97 47 7734
23 81 3597
40 34 1592
42 44 2693
43 78 4207
38 58 6664
41 30 8350
17 87 343
89 77 8569
53 38 2490
43 80 2139
64 35 2373
44 3 1302
18 50 7896
53 59 1501
8 7 2965
66 99 5713
31 15 1659
84 98 2947
87 74 6821
58 1 5360
58 13 6516
49 63 8327
20 35 2165
21 16 9157
54 69 8252
7 71 5274
59 61 9967
13 25 6336
96 64 8237
24 45 5560
95 51 7017
75 51 2827
27 17 5023
100 64 7964
58 30 3289
94 28 3279
91 49 3635
25 20 9494
23 22 349
65 58 3225
41 81 3101
30 53 2151
37 75 2447
99 50 423
67 8 3757
32 81 9599
32 3 2719
35 24 9289
31 19 5543
26 10 5895
95 30 8769
95 48 9731
43 27 8130
73 68 6836
38 64 2037
72 53 1192
15 11 9690
28 80 4444
54 58 5336
32 18 6871
95 83 3221
80 59 8540
77 80 4952
11 53 8715
27 58 4222
35 24 2384
88 72 5663
76 20 6723
32 92 2303
59 77 2039
40 86 938
33 8 9732
7 4 5094
78 42 1830
24 44 5535
17 87 3464
77 73 2921
10 45 9461
96 29 3269
30 17 2958
82 48 8690
67 65 2329
85 54 9794
98 21 9792
65 85 7467
50 98 9560
14 57 3051
13 19 9552
26 67 5714
31 29 163
49 4 7040
91 48 1029
8 86 1437
46 91 2905
89 9 3142
14 96 9183
39 22 5824
86 24 8266
2 65 9742
83 56 4006
79 78 1160
15 93 5229
63 94 9125
31 8 9516
3 100 2622
28 45 6155
80 45 8799
68 29 1373
7 80 4376
95 57 2761
57 71 5113
7 61 9867
97 69 3380
32 42 807
68 85 7645
21 3 1343
57 65 5178
86 94 6494
44 76 5671
64 96 3043
5 11 5450
6 95 7223
28 29 706
7 56 9893
20 54 7315
46 88 7128
9 40 5982
92 14 4217
87 93 2233
69 58 6901
81 61 9900
66 39 292
59 62 9080
14 44 5326
16 81 8149
2 98 8277
95 77 6314
55 87 3060
65 99 1768
53 97 6811
60 99 8105
68 78 4057
2 14 4131
68 51 2494
10 82 7384
72 82 7457
17 75 7538
9 45 7379
24 10 5228
7 38 538
21 6 7687
30 99 3442
71 40 3754
65 29 3735
26 4 9504
22 8 7576
57 44 6015
98 17 8334
90 18 4387
55 83 1457
36 39 4548
63 66 7822
76 50 1724
79 1 290
88 66 7009
91 25 1942
22 100 8386
18 59 2344
59 24 8916
98 39 4593
17 37 8605
32 82 4411
96 18 8095
37 36 9391
84 59 2080
1 75 4865
26 14 6120
39 80 7406
82 40 5476
77 80 9238
3 29 1119
73 8 8519
31 85 1251
97 74 6253
50 18 8640
75 77 9235
72 22 6522
53 57 4126
19 23 640
86 22 9575
60 83 9500
72 35 8799
25 51 63
96 4 2580
11 83 3882
38 42 2069
36 100 9071
27 70 4966
32 53 5554
93 36 1215
61 51 5540
30 12 2197
93 36 9447
28 64 269
60 16 6077
49 65 2468
40 34 7905
15 79 6922
74 29 3444
76 89 601
3 9 2409
68 93 5892
49 97 1424
2 41 275
13 6 5692
9 89 8977
98 48 2178
84 29 8795
4 71 1384
47 64 6056
90 80 8157
26 84 2021
2 25 870
3 22 149
99 84 1857
38 46 6354
88 38 4094
10 55 8930
88 56 8500
71 29 6231
73 97 6605
85 93 867
11 6 2051
56 14 7133
90 54 2727
69 79 6122
94 1 5199
11 33 8796
11 59 179
90 66 6026
36 78 1647
49 13 8823
61 90 9398
69 7 3232
5 25 3025
57 19 728
59 95 2909
93 40 5332
94 55 1112
97 58 1328
54 42 5057
39 19 1433
82 89 780
23 55 1069
66 36 2434
4 67 8115
1 18 8221
63 47 9457
5 29 1993
43 87 629
1 73 6460
49 61 6561
8 93 6412
9 27 5104
63 22 1762
38 88 6960
77 20 466
16 63 8647
25 37 8321
57 81 1822
29 31 9980
37 41 7452
63 60 2323
76 48 4905
95 27 2017
61 93 1713
100 36 774
42 92 5088
58 21 5182
83 2 1364
50 69 3537
36 97 1012
97 24 3132
39 7 8889
96 86 355
29 38 9819
21 25 4291
41 87 2877
38 39 1767
44 64 2223
29 97 8315
80 93 3222
12 37 821
79 55 3129
3 47 3317
62 41 8503
4 2 5726
90 99 8078
56 11 2775
36 58 528
55 95 6529
29 78 612
87 9 3148
53 80 8822
88 35 4548
97 12 8249
6 30 2572
59 73 8167
65 63 6361
1 29 6312
35 68 4452
64 32 4926
65 19 2229
43 53 5386
70 35 7963
56 64 908
51 69 2858
58 11 3374
28 57 5763
16 91 678
53 49 2411
35 76 9336
40 52 4637
98 58 4621
55 22 6493
18 75 8646
59 100 7011
21 7 6656
16 46 9054
33 86 8815
59 40 7730
23 92 1396
89 90 1205
50 16 6087
37 9 9805
71 63 9826
60 65 9196
17 96 7735
63 89 9627
28 65 8701
100 16 594
71 28 725
36 15 6818
61 24 6472
28 27 9825
24 58 1366
12 95 7974
2 78 9704
89 30 4606
91 60 9249
21 38 6990
76 17 5224
81 38 5809
24 95 2682
76 44 7896
59 31 2844
95 80 9811
1 93 1725
76 14 4976
11 27 4574
75 48 1131
80 32 7171
25 87 1420
4 20 423
14 45 8557
74 54 1558
92 55 5887
19 86 3125
6 35 702
39 9 7664
22 100 7552
62 43 3288
20 72 5983
8 100 8584
86 75 176
6 68 6918
7 68 9324
28 45 8286
24 44 9696
91 18 5318
97 68 6161
23 80 1529
32 20 311
75 4 1668
77 56 5822
86 58 4270
11 37 3000
11 99 9622
89 95 5840
77 58 8565
32 58 866
42 94 3518
6 69 4571
13 30 619
52 64 9759
33 14 4874
32 89 8564
52 77 4396
68 94 1067
12 77 8463
30 94 7574
100 69 8606
52 15 2612
7 87 4920
64 72 679
79 50 6566
18 11 3298
57 7 560
16 6 2712
95 54 9316
43 3 8981
46 73 2245
28 99 3258
6 44 5697
29 27 7278
60 68 5799
52 17 8505
55 18 4953
1 57 5079
57 52 2996
19 54 7456
28 51 8381
7 64 8653
18 69 1412
69 72 5158
59 42 2986
4 34 331
4 42 3468
89 28 5865
43 74 3116
61 81 823
1 84 944
7 5 5578
51 28 7428
70 64 5778
71 62 9168
66 26 1456
36 78 4695
60 65 8676
81 63 8640
97 16 6411
76 84 4701
49 94 6072
20 3 7589
39 8 4985
21 52 5502
52 23 7334
16 68 7931
46 88 3776
63 23 7610
86 53 8717
80 41 8918
33 6 4746
43 59 786
12 21 5777
10 38 1862
67 5 2822
3 47 1117
8 75 3126
100 51 192
91 39 6330
21 83 6564
97 89 8333
43 71 4681
57 60 9895
5 100 9985
15 33 2404
56 21 772
3 32 7767
7 4 9397
40 49 1292
49 2 2137
25 19 803
7 21 4499
100 66 564
17 86 6916
43 54 463
15 53 6556
49 29 8377
44 81 1095
45 38 7639
81 72 3810
25 43 2002
31 57 6206
39 32 4623
59 73 5115
61 87 9126
88 30 1664
32 73 8735
55 98 9844
50 93 6129
51 44 9304
45 46 7763
100 16 9789
64 83 7962
47 24 3241
62 26 1712
31 15 3262
84 51 6917
52 67 9628
49 17 4036
51 12 7991
96 10 1280
1 29 199
62 67 6529
54 16 2202
87 5 5346
76 28 9269
53 3 1830
30 96 9561
77 62 5598
1 49 5050
31 42 241
23 84 5699
51 85 7388
86 87 6510
1 39 5950
24 83 9257
77 81 3923
54 8 1345
18 91 2052
56 76 5715
47 20 7505
97 87 6385
31 23 96
24 86 154
54 86 2174
1 4 6586
95 31 7211
18 66 6188
56 21 5658
50 100 7030
23 55 5238
81 100 6503
81 52 6675
29 37 5118
42 78 2421
20 100 4837
47 55 1966
65 70 2702
9 34 4242
17 91 4703
98 20 7801
76 27 3395
4 58 9154
88 12 8833
12 97 9603
45 71 9188
56 45 3910
98 76 2390
82 41 60
63 58 5025
92 51 339
39 13 421
57 69 1452
22 45 4021
19 93 5952
48 66 5185
97 91 797
42 23 5117
38 52 6351
1 72 90
1 36 2537
12 21 9210
28 89 9504
52 13 5761
33 61 5204
8 49 632
55 5 1355
59 90 2239
23 4 8026
28 72 8882
62 53 9250
17 18 5721
38 17 9578
71 6 1620
37 15 9519
56 60 6248
92 43 3904
32 51 6607
81 97 5598
81 99 8080
95 9 3484
95 25 9117
33 14 9425
36 5 8367
16 46 4024
47 36 1479
9 98 3057
71 90 2081
73 20 5338
45 53 2659
54 35 7497
1 35 7369
28 73 845
39 79 4055
63 44 9649
28 50 6075
98 52 1567
20 50 3018
86 20 2333
31 94 8657
24 87 6378
37 32 5000
59 42 1015
46 62 6285
80 70 2447
47 40 3782
15 29 5760
66 65 8694
66 28 201
70 19 3126
36 42 680
77 30 8474
66 50 3254
2 45 1379
51 83 4283
37 32 7866
77 69 9070
7 50 7801
79 42 7043
72 6 861
44 94 8321
39 1 564
71 24 4549
18 75 8323
22 71 6082
22 64 2535
55 70 4169
91 95 8727
12 44 2743
88 44 4005
15 16 5268
68 10 6119
36 45 6056
80 93 3054
25 61 2765
37 45 3023
70 7 1338
19 64 403
96 39 7490
19 68 9798
97 11 5315
53 27 2425
65 17 1677
56 51 4300
91 70 8152
46 48 4523
50 71 4372
70 73 7531
18 64 1252
76 89 7876
96 34 2768
82 91 1610
93 41 8817
18 59 3265
65 51 1925
4 82 6856
58 47 252
73 71 8270
6 80 2984
7 44 762
12 44 6490
=============
결과 289
