1
100
50
15000000
15000000
15000000
15000000
15000000
15000000
15000000
15000000
15000000
15000000
15000000
15000000
15000000
15000000
15000000
15000000
15000000
15000000
15000000
15000000
15000000
15000000
15000000
15000000
15000000
15000000
15000000
15000000
15000000
15000000
15000000
15000000
15000000
15000000
15000000
15000000
15000000
15000000
15000000
15000000
15000000
15000000
15000000
15000000
15000000
15000000
15000000
15000000
15000000
15000000
15000000
15000000
15000000
15000000
15000000
15000000
15000000
15000000
15000000
15000000
15000000
15000000
15000000
15000000
15000000
15000000
15000000
15000000
15000000
15000000
15000000
15000000
15000000
15000000
15000000
15000000
15000000
15000000
15000000
15000000
15000000
15000000
15000000
15000000
15000000
15000000
15000000
15000000
15000000
15000000
15000000
15000000
15000000
15000000
15000000
15000000
15000000
15000000
15000000
15000000
