4000
-5308 -2177 1416 220
-4061 -3520 5960 319
-8990 -3404 4730 9217
-1429 -6070 3527 576
-6093 -9579 7510 7642
-9115 -6049 2107 9958
-6551 -882 8154 4807
-6124 -8965 3893 7503
-5813 -815 1107 1957
-8534 -7300 5227 4123
-1210 -1477 4734 6059
-5383 -4630 7376 7970
-5718 -5365 6480 7621
-1853 -3089 5607 2204
-134 -6204 1928 7774
-62 -3150 6945 4369
-1815 -940 8689 491
-5418 -8054 4468 3716
-1642 -3421 6195 1492
-514 -9918 5603 7239
-5878 -3420 2816 2026
-3369 -4558 7634 1426
-2844 -5141 5996 1679
-9686 -2438 3918 1823
-4550 -858 1752 336
-6886 -9571 7618 3804
-1969 -3019 3425 9448
-3505 -2457 1010 1717
-5450 -3756 3088 2811
-1599 -3295 2517 4835
-4233 -6398 9215 5878
-8612 -5374 8740 6525
-6242 -3736 9035 3268
-1141 -6689 1193 1788
-5892 -8545 5438 7713
-756 -4839 3073 7026
-3491 -6687 4020 4101
-3002 -4966 5477 5906
-3930 -8333 8074 2078
-1960 -5211 8898 7621
-263 -8998 3339 4769
-2820 -1666 4889 8861
-157 -2018 4855 9949
-7577 -4093 8021 3387
-3870 -7632 648 1387
-898 -3363 5961 8446
-9974 -5413 8183 4521
-6666 -4210 4234 4870
-9378 -2167 1599 6334
-6209 -1245 7822 8282
-2948 -1235 5925 3273
-1537 -9738 5632 8028
-8426 -655 6638 5836
-5895 -3025 4690 9155
-2802 -6915 7871 5251
-3223 -6967 4014 3817
-2493 -8521 2313 2785
-7450 -1268 199 3977
-1710 -3413 4874 546
-3587 -9977 849 3121
-6158 -2891 6509 4902
-1079 -6455 4672 7045
-1588 -6029 3872 341
-5204 -6508 4358 6490
-3542 -2720 3064 6746
-1955 -4145 4509 2546
-3133 -649 445 3838
-8869 -5701 8712 6653
-3492 -2365 4991 290
-3091 -1299 8532 536
-1325 -4639 5 3502
-5669 -2581 5187 813
-9008 -9132 7406 924
-3277 -2286 9763 6311
-6026 -4213 5300 2943
-1460 -7192 4613 2922
-8515 -1022 1581 9703
-3361 -4650 67 7323
-7790 -4091 1277 4809
-3317 -1711 7827 2352
-62 -103 8025 1626
-4190 -6725 1191 6569
-9486 -7802 4734 7139
-6795 -575 1717 7141
-5426 -4351 9384 6192
-2178 -8495 4149 3556
-5973 -4480 5930 7673
-6594 -608 4984 355
-7133 -415 8602 7578
-1263 -3316 590 9672
-2344 -7397 540 6881
-3634 -424 5230 3098
-7451 -8976 9468 131
-187 -2255 8694 3424
-2873 -4766 6325 7138
-4456 -9000 8947 4144
-8570 -3057 1561 1651
-4043 -4649 5903 6728
-7021 -2281 639 3072
-2135 -7032 1574 5003
-2348 -1658 3838 1665
-4729 -1923 8459 5491
-3035 -1406 8236 8647
-2836 -546 7585 2284
-6412 -5512 9584 4674
-6799 -9998 2284 6933
-5116 -5459 9416 5010
-2196 -108 4201 1194
-5884 -2996 3341 5358
-8482 -4426 6007 4968
-2038 -1024 7950 1250
-4949 -2716 83 2885
-8630 -9837 7994 2480
-8438 -710 8988 2034
-539 -8521 4028 3399
-8714 -1596 2231 5437
-417 -9079 4408 3471
-5142 -6850 2275 4293
-4664 -6904 2875 7938
-7908 -8928 6281 3524
-4285 -8603 1624 251
-5173 -5347 216 2349
-1438 -6412 2961 5910
-8646 -3692 4621 1180
-680 -592 1755 6112
-2295 -4533 403 7715
-7566 -2654 9324 5191
-4121 -3931 7464 1215
-2408 -4991 9599 8422
-3439 -1112 88 7945
-8235 -4573 131 6953
-6797 -8990 8807 2685
-7126 -6352 9945 6437
-7261 -8793 9674 1255
-8962 -912 8430 3859
-6887 -2179 5091 8114
-4713 -1876 9011 6983
-3382 -3448 8600 7103
-8857 -4761 5347 933
-8566 -6784 5660 3394
-4488 -21 4415 6979
-8259 -1808 7466 2183
-9672 -7722 9637 1155
-3018 -740 8270 2954
-1760 -4670 8535 3074
-7942 -7713 4684 9019
-2944 -83 2937 4670
-9803 -84 8911 1173
-8995 -505 7363 1507
-675 -7856 1901 6977
-2151 -337 7967 2822
-7184 -6404 1262 6816
-5573 -9359 6528 2711
-4865 -9562 3719 9185
-1267 -531 7983 5654
-4194 -9912 4027 361
-4294 -8881 4541 8317
-4895 -9888 2924 2116
-1135 -7554 3714 1229
-1338 -9073 1281 878
-8011 -4153 4870 7635
-2790 -5446 6337 7704
-4831 -6790 8742 7958
-7821 -2636 4845 4418
-2725 -9271 4622 5337
-7725 -6972 3164 5616
-3919 -6706 241 3736
-4168 -8309 1746 6687
-5717 -1503 9162 3792
-9300 -6442 1818 8382
-1227 -1460 7024 49
-1064 -8286 5050 1950
-1054 -6747 4773 882
-4879 -399 4754 3252
-1077 -56 8241 6305
-558 -2823 2148 6475
-9946 -3355 9196 8701
-7378 -6889 117 6698
-3848 -9122 5904 233
-9486 -9100 195 7691
-3210 -2301 6244 4393
-542 -5289 156 1563
-4498 -9543 7155 4116
-2099 -5744 8467 5298
-3640 -4763 6131 9603
-5976 -5726 309 292
-5255 -4938 4762 7355
-78 -4897 763 4502
-8879 -2800 2838 272
-3211 -386 3518 9903
-3900 -2802 3397 9768
-1120 -824 1835 5733
-1495 -219 5043 8471
-1720 -1190 5548 8426
-4949 -5156 610 8863
-240 -8942 6589 6402
-494 -6625 6521 8215
-7240 -1925 6004 5589
-5001 -3239 2734 4681
-3387 -577 5635 725
-5074 -6853 9893 7120
-1986 -3368 995 5744
-427 -1460 2879 7406
-8352 -5833 9796 5324
-8986 -7679 2802 1293
-1830 -2817 1228 4350
-1397 -2027 1920 5081
-8225 -3205 2449 6156
-4670 -1711 1126 9221
-4074 -2678 7830 5011
-4237 -1263 5785 6525
-236 -6550 1156 1964
-8160 -5141 4899 7035
-3200 -9616 7030 3801
-9616 -5501 4255 3324
-8291 -356 9819 4599
-707 -4822 2742 2823
-2639 -8220 3366 8928
-7209 -4253 7167 5103
-8232 -8251 7550 3383
-6557 -8697 3998 4465
-1265 -304 6874 2450
-3131 -8330 697 2188
-9484 -7645 7742 4160
-9093 -3418 6212 9811
-4561 -6411 6568 7346
-8658 -4011 3638 1537
-6729 -1653 2735 4696
-4195 -5903 5352 3743
-8796 -3090 2255 5433
-3272 -7847 5857 837
-8334 -3488 2009 4673
-4400 -8427 5447 8010
-3588 -1897 7794 6681
-9778 -6694 8391 1083
-8455 -8560 3491 9395
-5008 -523 9579 2317
-8690 -3355 6418 675
-5106 -8778 2801 8479
-1746 -8000 1710 6249
-9603 -2935 4911 2854
-4475 -5120 5774 8465
-3367 -6329 4229 8514
-7471 -9901 7451 409
-2997 -6670 8338 4336
-4017 -722 8978 3708
-8157 -8984 8716 8153
-2929 -9748 5990 3794
-42 -8157 7759 8723
-3482 -4190 9077 8142
-6759 -9157 7963 9500
-8478 -7705 817 1467
-8154 -583 1138 7340
-9672 -2395 8941 1848
-302 -1839 1440 3199
-6195 -8284 4696 8088
-30 -6160 869 2334
-446 -156 2260 8
-1494 -3077 7027 4649
-6722 -9618 4608 2811
-2197 -5202 5895 569
-2817 -9992 3969 476
-1393 -7811 5402 2594
-4427 -8965 1093 8109
-4847 -8613 6851 2696
-4906 -9110 2027 1087
-4452 -1461 4178 6628
-6160 -5162 808 6829
-5505 -5209 3654 7907
-2249 -7349 8978 7249
-634 -165 1897 3330
-5253 -1979 9980 9052
-5427 -7637 4270 6330
-7612 -2932 2611 7099
-4815 -9398 9422 9553
-1685 -8730 7749 5144
-8273 -7551 1757 3891
-3803 -4000 4077 4289
-3779 -3243 9713 2636
-7370 -3178 8956 4561
-8899 -2768 5063 408
-2994 -2922 6600 590
-6437 -8815 5551 9234
-5737 -9968 9104 6866
-6599 -605 3754 8279
-2112 -4042 6934 6241
-4650 -6961 4260 6539
-4787 -205 8138 7270
-3700 -9855 2473 8229
-6492 -1664 7629 7377
-1572 -2088 5504 7898
-9312 -9080 361 917
-5699 -8313 6214 6543
-3510 -343 797 6070
-4657 -1470 2486 9682
-9675 -6183 310 7653
-9875 -4893 9107 2657
-877 -2719 7631 5946
-5399 -6621 1637 9646
-973 -4631 6797 2376
-1803 -6453 3105 2200
-4182 -3271 8297 2876
-5719 -5518 2856 8287
-2376 -6010 4352 2604
-1001 -8435 3584 5269
-2377 -5557 8203 1251
-7177 -9079 6910 1143
-2944 -4595 6068 2314
-2097 -7243 2047 4850
-7997 -31 1416 3097
-2622 -5362 4914 347
-2928 -2040 3718 4156
-1790 -6223 3102 7088
-9870 -1197 5179 5468
-5914 -238 7148 1063
-4705 -6614 6026 766
-5130 -842 4793 9532
-4627 -8102 6766 2641
-7739 -9431 3841 5886
-4317 -5525 4029 1747
-6647 -7315 2270 1822
-8815 -6910 7394 1786
-2204 -3057 2597 2095
-3208 -8531 9673 1651
-7438 -1097 4203 5508
-4643 -8007 932 4672
-6577 -5735 5317 4241
-9256 -5615 4979 4013
-922 -2112 707 9717
-9062 -7948 6072 4342
-2602 -1872 8113 5195
-8935 -4675 2865 2093
-7941 -7486 2095 3599
-2361 -237 5967 8420
-8058 -3310 1972 9988
-2718 -4466 1273 7358
-1858 -5326 9397 3920
-9198 -844 4997 4500
-9839 -9132 2717 2705
-5745 -9263 7318 7430
-3218 -3375 4273 8871
-8924 -109 9789 1080
-6440 -2475 8314 8144
-6880 -1638 8181 8048
-192 -2014 2921 5761
-7451 -8849 2215 3545
-65 -4487 3867 2502
-7869 -7229 9290 7224
-8678 -1026 2388 4312
-9961 -1000 726 2072
-3962 -4156 4014 213
-7215 -8247 3852 8139
-1241 -9650 2676 1397
-4151 -6414 2568 3240
-4662 -6680 9720 8296
-3872 -1101 2582 4776
-5096 -4206 7202 6314
-2635 -5273 4067 9024
-5206 -662 7339 1938
-3664 -6633 7635 9226
-3580 -9222 6551 4863
-6677 -4573 9404 9136
-3611 -2214 6315 3148
-1232 -8595 5218 7998
-5944 -1344 2268 8402
-5846 -6001 3807 204
-5374 -8568 1038 2861
-3554 -4463 8573 3477
-3646 -1921 5602 9314
-6786 -3007 9024 7089
-6676 -3281 4607 1211
-6293 -3046 7671 6970
-2584 -9282 4694 5891
-477 -5387 4183 8657
-6610 -5460 6044 1945
-4724 -3761 7389 989
-6692 -489 2703 6168
-3354 -8565 7336 2167
-555 -119 8807 6890
-1947 -8279 3687 922
-3864 -9865 6901 2049
-2588 -4179 5083 8144
-8798 -5426 88 7280
-9009 -6073 5016 9770
-1676 -6380 9030 282
-807 -9217 7102 3502
-4846 -5577 7632 4119
-2883 -8462 3011 1178
-4649 -8612 3203 7199
-2662 -6850 2317 4854
-7514 -5891 3252 4835
-2003 -502 8544 7578
-554 -393 9650 3184
-4763 -4857 2514 4493
-7052 -3225 9127 9208
-7295 -19 1165 7929
-1198 -8472 1298 2119
-6796 -6208 7535 1278
-8078 -6711 8187 4075
-4248 -968 7941 6417
-466 -9602 2363 8916
-9924 -3073 8543 3918
-168 -2747 5581 5988
-5812 -3063 4420 1918
-1071 -650 2576 7876
-6743 -1074 2840 5418
-4629 -6227 1726 8803
-6383 -3655 2380 3882
-4397 -9086 7484 4251
-4560 -7983 9194 4425
-6578 -9677 2286 9996
-3154 -8289 7582 1271
-6086 -1617 3055 8038
-3680 -3925 4786 5396
-3308 -8554 6329 5709
-5468 -5650 6351 2060
-1328 -3203 7032 6915
-6263 -4810 7096 2928
-1824 -1211 6231 9199
-3259 -5327 7780 6548
-8368 -2347 2564 509
-8537 -312 1699 3644
-3194 -4463 3973 2058
-1531 -447 6851 5299
-9367 -1281 8126 9048
-3072 -5561 6142 1030
-1207 -9238 5961 2650
-2058 -7137 957 26
-2805 -9804 6309 3597
-9604 -1745 9084 5052
-402 -5289 4552 3224
-6109 -5690 1261 3388
-6450 -7322 4442 9729
-5072 -3024 1908 4006
-519 -8197 1998 9563
-5894 -2430 6228 4188
-3567 -7029 7054 3385
-4187 -7218 10 9129
-2336 -2016 4959 8647
-4062 -7386 7282 9845
-7547 -5623 9613 985
-5152 -4234 7167 9784
-5377 -9241 5085 7933
-1193 -1948 5413 9303
-7055 -6719 6219 8444
-8552 -7655 3065 607
-1892 -1674 9712 1988
-7802 -4601 3990 8323
-2625 -1125 1146 486
-8394 -6594 7266 1616
-315 -2724 2040 6125
-2156 -1971 2473 3627
-9276 -9918 6007 9917
-1311 -2198 3635 374
-3985 -9609 63 5489
-8265 -9027 8953 4100
-9430 -929 1536 8594
-9549 -4355 4557 2791
-2353 -5654 5117 66
-5503 -943 3114 1694
-5818 -1360 2388 3349
-3797 -5498 9451 6344
-1000 -4077 6777 7194
-2504 -2194 869 3293
-5517 -2977 83 3638
-6480 -5987 1576 6438
-6053 -6446 7230 4726
-2331 -1632 1409 5414
-6141 -4901 291 8293
-2698 -3409 2951 7156
-285 -9976 4799 5083
-7241 -682 8394 2736
-6146 -5943 2598 5027
-9625 -2040 7828 1317
-1204 -2215 8405 6533
-5800 -465 3050 4324
-4740 -2655 7478 8027
-6304 -1182 2015 7065
-7956 -7341 2165 1452
-5055 -4814 6604 9377
-8423 -455 5848 438
-441 -5248 9564 351
-473 -2776 7939 1050
-3480 -7035 2451 6995
-3618 -6390 165 1365
-2475 -9369 610 8256
-3533 -1629 6557 8875
-5132 -2290 2257 6715
-3362 -3685 3678 7832
-2093 -3519 5019 8832
-4722 -1024 3387 6672
-3810 -5668 2379 4632
-6412 -3991 3652 9484
-9122 -9244 6756 8559
-6239 -838 8445 8698
-2911 -6110 1163 7357
-2795 -2712 282 8027
-4661 -6166 4990 45
-9868 -2499 533 8358
-6139 -4994 3353 1585
-1617 -5707 3719 5695
-7001 -4425 7835 7718
-1795 -3978 1551 6307
-1569 -3997 225 4856
-2514 -3131 7016 9857
-823 -1402 3662 9260
-1637 -6764 2091 7673
-9496 -9137 4128 8743
-3871 -8894 649 3660
-7875 -5280 7666 6302
-4325 -9890 6102 36
-5449 -8974 6938 3460
-4085 -7497 1668 138
-4769 -6 8132 7026
-9629 -2799 3586 1436
-9917 -5140 3656 655
-637 -9730 508 1934
-2297 -7359 6673 3884
-8416 -3085 2706 2358
-7690 -4981 4949 446
-85 -3364 4915 5227
-4421 -6061 6195 6058
-8093 -3692 585 8042
-4644 -8121 1551 8849
-7 -8734 691 7194
-429 -326 5881 6100
-1583 -6229 6593 1569
-1267 -2532 8102 5958
-7361 -2353 2819 2234
-2816 -8582 6182 5780
-5656 -6452 9933 4359
-7126 -2073 5270 6106
-7371 -4901 6109 7723
-607 -339 8335 3790
-6141 -9778 40 4068
-7539 -3878 2409 3904
-3465 -6287 7205 8525
-1930 -8814 1128 1676
-1762 -9189 486 535
-7790 -7539 8217 6659
-3655 -9285 7130 9887
-6299 -3076 4591 8215
-3788 -5505 6931 4584
-5423 -995 9511 1910
-7253 -4385 4138 8257
-8000 -2389 6037 5529
-1989 -7633 8709 7500
-2684 -7839 7253 6714
-1254 -189 8135 3902
-1511 -2043 8373 1378
-6453 -1315 1951 8629
-6742 -1952 6965 3734
-3276 -2373 8411 4222
-852 -9862 8881 5521
-6676 -7816 6235 5312
-8746 -209 8941 5343
-7539 -6473 9520 7334
-2632 -828 7125 9474
-9441 -7897 9291 2858
-2423 -8683 1153 2247
-2616 -4082 4601 9580
-8939 -2130 5254 418
-6263 -1808 8532 2273
-2585 -6073 580 2611
-7266 -6120 3975 7651
-7474 -5310 7910 6288
-269 -7522 2240 1814
-9316 -5859 6467 6521
-939 -6394 2950 8341
-7972 -2059 2259 9733
-4430 -4142 1182 1826
-1599 -494 9078 519
-8644 -7876 4547 6507
-8439 -4735 8931 666
-6174 -3029 9630 2199
-6758 -7758 6405 7191
-2890 -3929 4357 9817
-1160 -1650 2575 4797
-2346 -5162 9700 5058
-6760 -544 3218 2468
-220 -2543 7260 8436
-9043 -7974 6746 5311
-2895 -1559 3242 5135
-972 -2467 686 5098
-3775 -4183 9332 6528
-1676 -3259 110 3135
-3529 -4991 1397 1428
-7153 -4703 2446 7308
-3589 -2204 4383 2174
-1837 -8871 6381 9589
-1326 -7130 8166 8972
-6891 -8732 1093 5443
-3276 -6422 1621 6824
-4508 -8649 9935 1939
-6046 -5324 8331 4064
-2114 -8815 3296 8283
-9080 -1707 410 7315
-4284 -3903 7100 2393
-702 -623 2821 6771
-2537 -5359 567 6273
-8765 -9200 5115 422
-4310 -2686 1079 3073
-5276 -2108 9426 5274
-4291 -8742 9878 4376
-2179 -4224 7592 191
-1056 -8104 8093 2731
-4129 -766 8506 9744
-5977 -4216 7492 662
-6549 -20 8520 5526
-1907 -6535 9620 8677
-5154 -2775 2951 8779
-2251 -6469 2332 3997
-2957 -981 5577 8939
-555 -2573 775 1161
-1621 -7292 4198 8648
-3627 -5469 7648 1851
-5210 -3044 3898 9536
-7415 -164 5784 7507
-8969 -9347 2978 2356
-2107 -3196 8153 240
-1271 -2956 7402 254
-2091 -2874 1529 4592
-8399 -5960 8917 2112
-3335 -2775 7852 8815
-8643 -3826 9993 2594
-3704 -9764 1033 4321
-7209 -2103 9092 6198
-1424 -737 7267 3268
-2370 -6275 9682 639
-1345 -9411 7177 2896
-8776 -6161 259 7132
-2528 -1073 5812 8904
-8627 -9584 2492 5732
-2710 -1576 3557 5579
-4822 -6600 594 7271
-9048 -5228 7608 6079
-3355 -1379 9367 5475
-9822 -1487 1139 1601
-9943 -7925 1513 3060
-3235 -1335 1842 195
-7802 -6259 642 1832
-2694 -5204 252 2995
-7435 -9481 8530 9757
-6856 -504 7391 5383
-6388 -3467 3343 726
-1215 -7026 1619 6024
-5658 -5185 8527 1100
-3940 -585 7705 8338
-785 -9454 8368 5145
-2673 -8175 6507 8408
-9761 -8123 1862 3074
-1340 -3601 9561 75
-279 -7254 5005 2435
-4581 -2552 5058 8579
-772 -7691 2358 2434
-7433 -9785 6479 5062
-3727 -8045 3069 4575
-71 -6756 3775 7236
-1459 -6803 9795 3555
-199 -9680 4603 81
-9527 -1470 171 2022
-7246 -1673 6836 1815
-8728 -9364 7877 4439
-7761 -3957 9149 8658
-5609 -9448 6321 8854
-8439 -8321 7798 5401
-4338 -881 6592 2243
-9631 -8628 7898 1157
-8281 -2064 21 9078
-4389 -9209 4184 68
-3803 -8062 1502 1553
-3823 -6000 597 5008
-4675 -7030 5996 2660
-2768 -8941 4067 5449
-6 -6007 2455 8779
-5040 -1364 9709 4999
-6906 -7291 3619 1879
-3713 -8199 9260 2439
-2091 -5580 6375 1351
-1246 -7090 4115 6964
-4401 -9754 4495 9755
-7974 -6852 2819 391
-9112 -5475 4697 2115
-3244 -344 4908 8611
-130 -9775 6895 6977
-1569 -7770 1770 8400
-5421 -8385 243 9303
-4247 -9618 7390 3780
-6455 -5242 317 4569
-3031 -1248 3188 9038
-980 -3432 4910 5467
-490 -2467 3689 2134
-9662 -7533 4993 8736
-3211 -2741 7284 1600
-8643 -6406 8989 944
-7687 -7105 9854 7468
-5005 -2441 7626 1928
-9862 -737 8564 9650
-3501 -5325 158 1531
-7007 -4729 9061 1659
-7996 -5920 3882 6606
-534 -938 959 2499
-9763 -1362 7244 9076
-3709 -9347 6175 6055
-2596 -1059 7008 5879
-179 -240 1965 8427
-3844 -3930 4727 8929
-8791 -2020 6123 6643
-9957 -8231 7582 5428
-3831 -563 4674 9117
-1005 -5129 5438 2364
-9500 -6189 4388 8169
-2266 -467 2884 6798
-1455 -4959 2962 541
-5385 -7990 8296 8536
-5766 -9287 2691 7097
-6146 -8561 1400 331
-365 -1280 2755 8838
-2958 -8931 9367 3963
-4809 -3589 6245 971
-6330 -7119 3498 6977
-2948 -3102 8094 7077
-7905 -311 3092 3974
-8473 -839 1564 2994
-9948 -576 8170 2814
-4231 -2016 1134 8982
-7403 -3103 4878 2793
-9920 -3496 6727 3170
-6061 -5974 2777 8704
-8785 -8143 5851 9622
-1822 -8140 9016 5977
-9005 -2093 4144 450
-3084 -973 6199 3849
-9643 -917 4277 2297
-4647 -2351 2930 9938
-3417 -7669 746 6880
-559 -4984 298 4722
-8134 -100 3338 1302
-7624 -5016 1054 9166
-5998 -3199 5942 7908
-4794 -2144 961 1895
-9540 -6139 7230 6099
-6989 -497 8859 6937
-2974 -4996 333 4502
-2946 -1473 2809 2376
-7579 -3618 1246 7246
-6382 -2279 4215 7329
-2218 -8201 3971 5272
-9302 -994 4678 3390
-8164 -3738 9895 1658
-2128 -8335 6613 5284
-3226 -9604 283 8855
-8351 -3564 8042 3333
-2862 -9518 2476 1817
-2246 -8911 1143 7330
-9735 -2866 5712 764
-1177 -5200 4971 2691
-7387 -3867 7027 1840
-4327 -2213 120 1329
-5498 -4846 8393 7665
-7395 -677 6438 839
-6875 -6735 6709 770
-6750 -6273 6723 8123
-483 -7759 4600 8577
-39 -3774 5954 7308
-3571 -3895 3215 2689
-5253 -8929 5326 2086
-3071 -6778 253 6646
-6963 -9662 3825 5901
-989 -2129 8537 7913
-8526 -8146 7508 3674
-9827 -1648 2209 9966
-8040 -4117 885 7824
-6074 -2061 9505 9212
-1708 -4452 966 1433
-2210 -4586 231 2627
-9920 -9768 1362 2656
-279 -4625 3812 9885
-1115 -5418 7639 6861
-9615 -4599 1165 8514
-9294 -7748 9539 5164
-428 -9847 3915 5004
-3103 -2549 2918 4606
-8261 -457 8861 471
-3099 -4749 8559 1426
-7750 -4922 7937 7967
-6364 -2332 3003 313
-2635 -4077 8089 3655
-4001 -2068 1980 7678
-132 -5385 9766 3007
-1819 -917 5312 8807
-6034 -4367 9245 69
-9733 -2600 4325 5678
-3432 -9827 3055 7082
-2837 -3054 4733 4025
-2059 -8298 3890 5330
-8019 -3339 8277 1153
-9690 -5112 7542 3172
-7939 -1634 5685 8904
-4514 -6331 9464 7521
-3686 -471 4697 5686
-7076 -2233 5570 7181
-57 -7991 171 3766
-4785 -8945 9708 8495
-2187 -5610 9894 9186
-9835 -5404 8009 7413
-3105 -8171 4279 7427
-7209 -5124 9666 2028
-2713 -2983 3633 1947
-1730 -3476 9319 7826
-495 -6507 9877 4658
-2128 -5771 8314 2891
-1756 -5738 3066 3515
-7809 -1971 6936 469
-8201 -928 2577 3851
-2788 -4388 1234 4086
-1384 -5312 7098 9971
-3940 -2426 4825 7860
-219 -1659 5131 9079
-2165 -5465 7519 5926
-5430 -9882 519 3216
-8477 -8538 4185 5886
-157 -3063 780 3274
-515 -2292 2448 5768
-5077 -3323 7645 5859
-4851 -6554 5267 4820
-2600 -3216 3762 5422
-2560 -484 1672 4407
-5611 -7060 1631 301
-3307 -5812 1263 8947
-3969 -7855 2697 2990
-7740 -4028 56 48
-6423 -292 3016 4030
-2451 -3846 4021 4896
-3349 -2663 6029 3885
-6516 -1478 424 5791
-3391 -3565 7868 1635
-97 -7388 9479 389
-3475 -5593 255 2991
-6999 -4373 287 5655
-4162 -764 1202 1578
-5599 -1676 479 1743
-8415 -4803 4580 6647
-1167 -5663 7840 7965
-5455 -6683 86 6180
-8011 -9241 8134 292
-216 -7314 2965 9299
-1539 -5122 134 1731
-3950 -3282 4455 3541
-9461 -6106 2809 9243
-4572 -1684 611 2942
-1715 -7774 4258 2443
-820 -5392 8237 5319
-8627 -2814 2348 2942
-9984 -8428 5393 2762
-2622 -8730 2257 5475
-734 -6735 1828 9819
-2285 -8750 7516 5822
-6230 -991 9554 21
-3496 -4932 3002 5908
-2605 -7178 1087 5965
-6792 -2272 899 5934
-8270 -5517 9950 5399
-6797 -5333 1483 3295
-4290 -7165 3169 5625
-5423 -4836 9704 324
-7198 -2202 2745 2429
-4306 -6101 8048 7908
-1546 -3780 1183 1841
-857 -3355 5595 2713
-1286 -5900 7414 5260
-6047 -9596 6886 7611
-765 -5266 6230 3070
-8606 -6643 4670 9990
-8826 -1368 7218 303
-6157 -4304 4901 7974
-7297 -9434 5636 238
-7304 -1468 4866 7036
-2052 -1017 4344 1292
-4599 -2935 5272 4210
-364 -1153 7584 7116
-2357 -5079 9155 1866
-6335 -5993 1460 636
-4086 -4892 4547 4487
-8832 -4433 9059 1139
-4753 -9198 4272 8312
-9502 -8403 7027 8691
-7690 -3061 582 6848
-1582 -6910 7390 6729
-5132 -2626 2719 3430
-9840 -5061 8989 7768
-9371 -7841 6138 8434
-1207 -1831 9708 6127
-5781 -7684 9785 1059
-7390 -3596 3329 3930
-3560 -2173 9902 365
-5700 -9984 4513 8573
-9363 -4432 695 2552
-5260 -432 9158 1938
-5482 -6672 7016 1701
-1670 -9323 4176 2556
-2406 -7762 4090 3801
-1834 -3770 1259 2279
-2282 -6298 2482 7190
-1416 -5815 6123 5284
-8028 -4503 8245 4260
-8397 -1243 9735 1606
-6143 -7202 2289 6981
-991 -7646 2298 6172
-6890 -6534 4937 9574
-9583 -2999 2123 3455
-773 -5346 2033 5244
-1354 -5119 8043 2291
-3319 -1947 4544 1558
-5181 -5435 9359 3886
-2909 -2442 2036 9488
-5182 -4313 2567 2459
-2918 -4754 3644 1308
-1644 -1569 3240 6663
-6060 -9243 7779 2829
-1220 -5429 755 8563
-4499 -4347 9270 2906
-9740 -223 3390 7043
-6490 -1812 4944 6259
-4697 -3767 9017 9794
-603 -5633 7253 4504
-3319 -3318 7864 2298
-8010 -5393 8203 3963
-2069 -6122 5749 1425
-47 -6547 6201 7975
-3762 -586 9756 5396
-9256 -9509 215 8180
-7288 -1137 5234 4205
-5963 -4969 1572 8637
-2208 -4481 9334 3502
-9848 -131 5378 7523
-8461 -4011 1724 3255
-5584 -143 7436 9774
-6697 -6853 4733 5950
-5136 -3075 686 4081
-2757 -9919 2635 8295
-959 -6519 836 6954
-433 -3519 362 2807
-1762 -275 6013 697
-3895 -6055 8426 3998
-2871 -2312 9447 3487
-5774 -778 3990 4887
-5041 -1793 5269 1986
-5547 -6458 1387 6332
-3867 -2968 2532 2116
-4103 -125 7560 7651
-9607 -9102 4040 551
-9612 -4208 6246 570
-1845 -6054 4973 8324
-4061 -4933 3402 6198
-1091 -7652 5037 573
-6926 -919 7452 9587
-9857 -9038 1232 3929
-4526 -1077 3102 48
-1811 -6217 9467 8172
-7065 -6479 1707 9072
-4286 -6301 7466 2695
-7297 -5806 6843 9705
-3720 -5989 535 1082
-5710 -2887 7869 3059
-9282 -8471 7941 32
-2770 -8935 9029 6763
-6066 -6698 1 1813
-453 -6156 6046 7378
-2892 -2501 3385 9050
-611 -9250 6522 8877
-6688 -4704 357 3208
-795 -5311 3360 7683
-617 -7964 285 2248
-6578 -5512 3958 9175
-1303 -9773 390 5806
-1060 -3414 271 5793
-9949 -1205 6595 7463
-2075 -9441 6783 6595
-4745 -564 9803 686
-1643 -2617 9975 4087
-6835 -8458 112 2226
-3379 -4800 8907 1935
-1595 -3959 9126 6225
-4028 -7610 3073 1978
-8434 -801 1492 9250
-6350 -3667 7264 4812
-3976 -1100 174 5491
-555 -5991 9722 506
-8680 -7197 5554 7830
-2364 -8230 2824 2736
-9789 -5431 3097 9238
-7251 -3006 8430 2363
-9398 -3690 3436 1090
-3340 -4318 9361 2871
-3203 -5200 610 1994
-968 -6054 2269 4824
-5669 -626 204 4709
-5367 -4429 2275 4129
-2614 -8081 4513 6410
-4483 -3030 7150 2774
-622 -2724 688 2348
-8159 -908 7620 1650
-35 -1827 4367 108
-7924 -9719 482 5015
-3017 -9399 1258 4293
-1646 -8745 2975 9939
-9606 -4212 748 4391
-4226 -6058 7321 5835
-662 -1619 1205 7835
-4665 1 3434 5713
-2705 -9362 7593 2393
-8936 -4209 4121 3854
-1741 -5600 1682 6754
-4752 -9151 8120 5527
-568 -551 418 9730
-2423 -5320 3388 5133
-8806 -3589 1577 1964
-6240 -6528 8521 1095
-8649 -4579 8029 8640
-3198 -3876 8142 6908
-9425 -3407 6903 3522
-2760 -5656 740 8635
-6113 -2343 6474 2499
-6292 -7636 8978 6798
-2756 -5610 9269 7150
-5195 -6925 7045 8119
-9208 -6732 2308 86
-743 -5058 248 3395
-7032 -7434 481 7280
-6792 -4846 6753 5532
-9663 -7748 4257 6471
-4015 -5353 8547 5997
-7093 -7718 2256 9403
-2549 -4443 5643 9905
-2668 -5699 5039 2486
-5150 -893 8454 6434
-9376 -4784 6500 2199
-1309 -191 3450 3941
-6803 -695 1570 584
-8206 -2259 8139 9701
-4918 -8026 5731 297
-8979 -1312 9644 7436
-3117 -6333 3344 67
-541 -1083 2546 9891
-2882 -3411 6414 7581
-5478 -7930 505 7467
-4674 -7899 5448 7326
-2952 -5605 8886 7778
-9552 -842 5766 505
-7706 -9599 2386 4619
-9654 -5593 5053 315
-4586 -9807 4460 4918
-6192 -4012 8748 1449
-5389 -9555 861 6574
-5847 -796 8341 7705
-8382 -8272 7140 4616
-8592 -8670 9225 6405
-2198 -3235 4318 6538
-6168 -1581 4121 1202
-4237 -5582 4775 1959
-1890 -8196 3876 9079
-6776 -5902 5304 1769
-3534 -9186 3279 2247
-9232 -5058 8384 722
-7675 -3703 1383 3599
-6546 -6837 100 4035
-9097 -9656 1594 2991
-6990 -9286 2243 998
-8282 -8323 2865 5219
-3929 -3816 1249 6806
-2277 -5449 5688 9833
-2351 -8089 3939 2115
-3045 -2819 6732 4095
-426 -5842 7290 5611
-2619 -5013 4564 9161
-1395 -5493 6085 8217
-1742 -578 2177 710
-9822 -2381 7065 7567
-4369 -428 4993 7781
-5024 -4857 5555 6480
-2509 -3992 6294 4743
-7388 -6473 9375 1992
-9267 -5738 1854 4135
-3084 -9787 2352 2972
-2243 -7861 5702 7290
-5894 -3945 9993 2730
-7863 -6382 7135 3099
-8382 -4770 7215 5038
-7409 -5435 2405 5537
-756 -3427 8132 3897
-1171 -2463 8629 6436
-4994 -7103 139 6805
-7488 -5918 5676 4674
-314 -3833 529 7932
-2504 -4837 4027 1388
-5567 -3940 5966 3321
-3930 -8715 8545 5249
-5565 -8638 7030 6710
-6868 -5458 4874 2802
-6041 -2241 2799 1415
-4795 -4911 3729 7431
-516 -3899 2014 6122
-7951 -253 3770 4070
-8377 -4931 6833 3470
-7882 -6845 584 2665
-302 -9030 5742 1527
-4371 -1245 1535 3985
-9307 -6357 8482 5175
-1555 -7335 591 4751
-9706 -6885 2317 3742
-6555 -9511 4487 9043
-4900 -1110 8095 8738
-5964 -7663 3883 8879
-5529 -4060 2218 7048
-3582 -33 417 8794
-1525 -6458 2182 9814
-1037 -1394 1160 5252
-7858 -1485 1410 271
-3762 -3604 5574 9736
-4818 -681 5386 8117
-1339 -7456 4297 7443
-839 -7383 5760 3709
-1687 -8059 837 9913
-603 -2569 6891 8374
-591 -9821 93 5317
-703 -40 9731 857
-2444 -6424 238 8760
-2368 -7914 715 778
-7429 -377 8327 6487
-5250 -7739 8343 1006
-7024 -2133 7281 9431
-9332 -2819 4791 4424
-5699 -5280 3823 7244
-2312 -5898 8886 1059
-1507 -5617 3774 8861
-8454 -1545 3033 5932
-1478 -7356 1382 9067
-138 -7246 6527 2499
-7893 -8838 3209 2373
-5417 -357 6038 7981
-7047 -6190 6540 7885
-2416 -1313 2173 2929
-2399 -2322 4440 3992
-126 -1106 4491 5703
-6070 -9615 7380 4680
-9600 -2678 2342 4672
-4145 -3359 9807 5125
-7524 -1310 5031 5611
-8709 -9190 6349 7583
-3484 -2415 9742 701
-3905 -2313 7698 8010
-6690 -4325 7976 6064
-1488 -938 218 6086
-9570 -348 2200 3355
-4035 -5028 9909 3436
-3443 -2272 9117 2376
-5919 -1325 1049 2720
-4957 -5884 2910 9163
-2737 -8075 5127 7677
-2146 -439 5707 1458
-5765 -6578 9932 4677
-7479 -7236 2748 8671
-1126 -911 862 3716
-4329 -6681 4732 4220
-757 -8581 4775 2072
-5003 -6115 1014 148
-312 -4351 5760 6379
-2495 -9268 7388 5145
-2506 -7538 2605 5511
-2466 -9417 206 1721
-4044 -6056 5985 7878
-9000 -1423 8010 8560
-1709 -3130 2265 1477
-7334 -3940 7322 5493
-3359 -839 5423 7264
-8150 -6866 3352 5916
-3234 -5276 7975 3409
-272 -6266 7862 8409
-8664 -8508 7149 6194
-4065 -8285 2333 5029
-989 -210 996 7625
-533 -1863 3848 27
-2376 -2025 4589 4894
-1822 -8699 3429 2601
-5691 -1959 22 221
-2918 -7917 763 6538
-2617 -6760 7381 7227
-7504 -8822 7291 4095
-4268 -2306 2757 229
-1574 -1323 7567 5503
-9167 -5699 7948 4826
-498 -5056 6821 8396
-2475 -2462 1749 3690
-9072 -5257 5395 4668
-2752 -1156 8263 5939
-8672 -9209 1069 8538
-1107 -7412 9188 2395
-5865 -4202 9980 6665
-229 -4428 9363 5386
-103 -7084 4964 1936
-7836 -9724 3058 4376
-9970 -502 2873 2576
-3203 -4231 6186 7677
-651 -6094 7816 876
-6613 -7285 4956 7374
-859 -911 313 8098
-3591 -2851 2672 6500
-2964 -1987 6984 9998
-3154 -7118 5587 2025
-8298 -1568 6138 7012
-8890 -433 1346 3441
-3670 -8714 1927 9921
-8829 -7338 5777 6173
-511 -1885 8947 3308
-5342 -8346 8404 5848
-5585 -2894 4901 1132
-1023 -5362 8006 1906
-4708 -3688 9935 2169
-6839 -5219 909 855
-3671 -365 3522 3403
-4709 -75 8813 8941
-9757 -1438 7648 7720
-9562 -146 7489 6841
-206 -519 3908 9327
-5101 -931 4405 9552
-4143 -1178 8326 4094
-439 -9351 6513 195
-3832 -8055 6670 6469
-276 -8081 1148 2741
-2784 -1552 7509 4430
-1938 -9172 9872 9292
-3488 -4717 1751 1665
-6470 -1828 7863 8819
-9820 -5599 769 6194
-7977 -9192 5474 6429
-553 -8878 3794 30
-1117 -7858 9579 3641
-8711 -6392 1064 8113
-4832 -2690 8679 9816
-1763 -6573 6006 5658
-803 -7120 8667 2303
-5014 -4300 8538 9065
-7214 -8583 5051 6212
-6280 -6726 4177 1475
-4383 -6418 9880 1822
-3010 -4835 3018 4210
-9188 -74 1980 5364
-5849 -6285 6033 1241
-2089 -9447 8638 5847
-8193 -1106 8652 6866
-9186 -6862 190 4133
-7731 -7460 8767 5403
-2359 -1427 6118 3917
-7186 -9890 9857 9845
-1509 -4089 6058 1005
-8085 -2249 7945 2270
-3834 -2351 7196 5651
-7674 -4756 3429 3240
-117 -1709 2703 1960
-9736 -3981 2719 1032
-6135 -8340 1361 8569
-5800 -4937 2040 9515
-8990 -7021 2373 2370
-3903 -7084 1558 2755
-2019 -826 8149 4616
-8406 -6833 1026 12
-4787 -6585 4895 1218
-6918 -5629 5961 1484
-275 -2252 5565 2468
-5043 -2659 767 4459
-4790 -5831 8431 3290
-3320 -5374 7889 9467
-2917 -6471 844 6914
-3885 -5434 3182 5403
-9972 -6183 2249 6621
-5199 -9476 9486 9750
-6139 -2968 5662 9583
-7314 -6765 5991 9656
-3376 -3534 175 5453
-1312 -2036 1556 3075
-6388 -110 9673 7336
-9697 -7856 4689 744
-3314 -4446 1855 7027
-2991 -806 2972 5884
-475 -4314 3882 1994
-834 -4120 1867 5145
-9188 -1391 3491 3492
-3469 -3724 7970 5298
-559 -7171 6438 4209
-3340 -6336 5258 9695
-6347 -9015 8396 4794
-2089 -9636 5 3841
-5245 -2809 7106 1704
-1755 -7676 5408 8620
-8512 -8806 6941 3919
-6368 -4138 9533 874
-2406 -24 3149 382
-464 -5186 9077 2095
-4134 -2143 3518 9357
-293 -406 93 3497
-5523 -2961 6624 6644
-4503 -6094 242 933
-1845 -8029 5490 4865
-9922 -6501 1566 4617
-5569 -2959 1645 5829
-2743 -7411 2498 1958
-1661 -4093 4506 4671
-1155 -5260 128 2318
-9318 -4920 6011 5526
-9623 -474 1697 5955
-8756 -6329 8750 2847
-9473 -8932 2093 3860
-7126 -3426 2955 5147
-3751 -7977 1397 5074
-3071 -5661 206 2320
-2761 -7603 1072 572
-2977 -9927 241 8522
-2763 -3937 8236 8852
-7027 -9230 2513 676
-9432 -3932 5527 8621
-7256 -394 2494 9787
-9863 -8651 2736 7333
-5005 -1263 4284 6379
-5635 -9481 3491 7792
-3127 -4787 1847 1849
-9635 -3583 9689 4504
-489 -8527 702 4860
-736 -7347 637 3678
-2239 -3852 3830 3121
-2979 -6399 4907 5254
-2999 -464 8481 5216
-6091 -2957 3661 8174
-5749 -4225 8209 5691
-7471 -8585 6143 579
-3701 -8038 6227 2397
-820 -4740 9064 7279
-6794 -4512 8554 7499
-131 -3609 88 5637
-1605 -8851 3497 5190
-2958 -6557 8421 8830
-9017 -3790 5590 6179
-9689 -6831 9455 6611
-2520 -3987 8924 9570
-7528 -8316 328 4767
-2467 -4458 4575 263
-4802 -7258 9546 2085
-9354 -3160 9126 9405
-7134 -8962 6706 9139
-801 -2005 6785 2437
-6286 -4546 7003 7160
-2581 -2645 3222 5331
-603 -2039 762 8599
-4740 -4259 519 3488
-1255 -7298 3049 2538
-6690 -6046 9891 6594
-6660 -7889 7181 2785
-3652 -8518 8800 537
-9720 -2508 5755 5153
-9155 -2728 4069 8209
-6651 -213 8140 7551
-2678 -6933 9454 2888
-3326 -8145 8753 5801
-9955 -141 9126 5467
-6689 -6719 8792 5125
-6719 -8327 7866 7878
-4827 -9799 7388 9351
-8460 -6201 2070 7482
-1462 -5216 467 8144
-3519 -6123 5719 6316
-5075 -2627 2615 5701
-5815 -5818 6501 4275
-1066 -9546 2407 8452
-3127 -4015 5580 3537
-7577 -7605 8203 6993
-3572 -869 4058 3685
-1234 -5454 5048 3288
-4698 -9311 9213 4075
-3176 -2689 2994 6942
-8301 -6103 6377 2169
-2480 -9761 7714 7546
-8555 -5044 316 9544
-1017 -776 2678 911
-2978 -9925 8130 2193
-9089 -5549 6558 3695
-5160 -8955 9050 9444
-8997 -7041 8533 4417
-4535 -9465 9221 6894
-3454 -1556 2154 2073
-2592 -5311 9611 5461
-5625 -5320 5402 7862
-4619 -7748 4393 1195
-1731 -8431 5289 8787
-5474 -3454 3360 6170
-7323 -1364 2168 9271
-6702 -5769 3206 2947
-6496 -5897 2791 5927
-1330 -6576 9956 5419
-5620 -5989 9715 969
-9637 -5944 615 2606
-1809 -6988 5571 455
-1446 -3579 9358 9379
-2852 -8059 9924 1309
-5420 -8351 5361 1789
-8166 -595 4563 3053
-3353 -18 1714 1157
-1135 -2334 6276 7948
-3583 -2953 4295 3133
-1080 -9109 3044 5401
-8890 -8012 3714 3880
-7929 -9152 1720 1966
-6041 -5323 7988 4450
-148 -8912 8310 6141
-5795 -1144 4411 7187
-1693 -3148 8091 7631
-214 -4728 4429 1065
-2616 -6300 2087 7263
-4773 -3205 9319 3091
-6749 -316 5969 3807
-7535 -5793 272 3410
-1451 -3188 9902 1817
-2553 -8104 1607 9260
-3567 -482 5618 6989
-2341 -8555 2424 804
-8683 -1537 8663 8153
-4667 -1115 2539 7500
-2629 -5895 461 1079
-1497 -7287 1963 642
-4042 -259 159 703
-7474 -8564 9298 3756
-602 -6208 2717 7730
-672 -7450 7463 4290
-6872 -1210 1273 5089
-3470 -135 6574 8964
-4771 -6982 9126 5969
-5613 -6087 7332 7631
-2234 -1890 8077 5604
-7227 -3594 7021 8494
-8551 -4360 2862 1452
-4418 -3657 9722 8733
-1227 -7447 1323 2823
-6266 -5863 6576 3039
-4333 -8975 2495 9473
-7876 -8273 2818 1144
-6665 -9045 2048 7683
-7867 -4045 2823 6556
-2462 -5098 5812 6139
-5814 -4934 9498 8623
-6034 -2973 1115 421
-9132 -3437 5651 7489
-7172 -1979 9776 7339
-4703 -2688 1221 1038
-2660 -7583 2225 6527
-4053 -2753 4595 2107
-3893 -4370 1200 8011
-3517 -9981 7741 9419
-7300 -6921 7221 6359
-7688 -5888 8104 6560
-6901 -5719 548 2068
-3030 -1793 2867 6141
-6605 -4816 5798 4863
-5296 -2375 35 3033
-8619 -3692 4076 9047
-3632 -6533 4612 810
-6724 -3601 4301 9909
-1253 -2175 5619 3504
-857 -7540 9226 5512
-3382 -3991 3432 9439
-2714 -369 4384 7801
-8801 -2361 9905 2372
-2434 -4049 6092 7630
-9953 -8400 1025 5577
-7456 -9158 9943 4938
-9704 -5931 7943 2063
-2165 -6648 6607 7691
-5329 -1022 6201 4720
-8556 -3623 9935 575
-6786 -993 3232 6829
-3818 -4922 893 6104
-6401 -3352 5661 9356
-9598 -815 138 7204
-2487 -4264 1831 2269
-8445 -3496 1373 7659
-2722 -1553 2136 2354
-8710 -4143 3803 6113
-4877 -1293 2031 7654
-9964 -4597 3315 2066
-9658 -444 5249 7969
-8981 -9396 8038 7958
-3450 -6475 4515 6290
-2694 -1558 165 397
-3769 -8657 6141 756
-4722 -9891 838 6569
-6999 -3525 4454 1617
-5206 -8219 791 6951
-1927 -8790 7151 3763
-4066 -446 4607 2336
-6925 -5078 7098 9717
-1150 -9176 4891 1113
-2995 -4599 8704 8093
-9315 -9963 901 285
-3416 -2163 7756 8064
-1956 -6352 9493 3952
-1568 -4189 9972 1303
-3867 -8592 8883 8041
-4347 -7195 1348 702
-5354 -1650 1685 8936
-3476 -6119 7968 2707
-4180 -7408 5353 7990
-4279 -6033 5350 2136
-4314 -6026 9797 8033
-4603 -7213 8788 3037
-533 -8287 6691 4322
-1966 -3393 3940 3618
-2100 -4610 3469 1987
-8006 -4697 1295 9907
-2442 -6583 3025 4306
-1281 -6090 372 5627
-3313 -4120 8366 5858
-4553 -792 2228 438
-5795 -3140 7715 2145
-411 -4954 415 1888
-863 -485 1958 3999
-1337 -8340 3184 6972
-4435 -3296 8043 2024
-1525 -3009 1621 6211
-6324 -4047 3072 1960
-5732 -9933 2675 2735
-5658 -2557 2766 8359
-1721 -7869 1235 1955
-2198 -737 2310 4743
-5038 -7305 1656 1349
-7805 -9432 142 8619
-6519 -7648 5088 3615
-4708 -5469 9092 8057
-3982 -7574 656 3084
-869 -8694 1324 8392
-6311 -170 8078 192
-894 -2207 676 9939
-750 -8970 302 3303
-8141 -1893 633 7371
-5647 -220 2657 1856
-527 -5534 6461 4011
-879 -334 4134 5673
-6706 -4598 9660 4607
-8076 -9176 9410 7884
-4508 -61 6320 7733
-4257 -2426 9567 9304
-3747 -7946 5959 7641
-8064 -1826 6248 6725
-5215 -5595 7792 369
-1187 -1211 5957 5886
-2175 -7133 1489 9708
-3586 -6069 2696 4586
-3363 -8781 8109 1370
-8396 -2886 9883 9263
-6849 -3476 2301 5333
-474 -6015 9431 5860
-8049 -7797 7517 4136
-9703 -710 9148 8693
-8312 -4838 1078 7279
-3879 -6325 5252 5563
-2956 -419 7063 2721
-5097 -9939 8987 7422
-4300 -8333 113 2077
-5343 -5199 9822 6374
-1201 -2159 8317 1762
-1456 -3071 5714 4038
-8883 -3602 5286 7324
-3130 -4166 3913 7090
-2120 -1030 8025 369
-1525 -4978 1362 5534
-6629 -8621 1393 3185
-5810 -163 5994 9125
-6774 -2812 3260 9292
-750 -870 2904 3362
-8209 -8475 8529 6421
-7228 -8507 8874 6626
-7093 -5923 6866 2117
-2074 -9724 4155 550
-6196 -7352 8065 3923
-5637 -134 9975 3826
-8566 -3290 838 1555
-5342 -4479 205 3672
-9843 -8581 5562 9693
-7398 -1452 1727 2450
-8655 -8627 8906 33
-6668 -9616 8108 7180
-2069 -6323 303 6697
-3410 -9572 481 1028
-2607 -4128 9559 2945
-273 -5830 3475 1671
-4483 -8156 9801 8375
-9673 -830 6302 5765
-2410 -5444 6964 9401
-495 -3851 8965 3736
-4416 -9133 8040 7748
-8111 -1344 1425 2367
-6449 -4164 9115 8429
-184 -4890 9381 9153
-7020 -1021 1956 4931
-7556 -6370 8782 961
-8071 -8308 2738 8696
-5153 -5741 4096 8457
-5697 -8481 9375 4608
-2083 -648 9600 9105
-9493 -6442 4933 7811
-1250 -2503 1693 8906
-4911 -7037 6136 3991
-3947 -499 2819 187
-2006 -8723 5303 8933
-1508 -9402 6761 8148
-9272 -3886 3513 4090
-9191 -4344 2043 1933
-6822 -7526 7570 3956
-7537 -1541 8473 1552
-8783 -2070 605 7104
-3070 -2737 2250 1963
-7975 -413 1447 1184
-2207 -2941 6412 1427
-9438 -1411 8638 8349
-1188 -6557 21 498
-1242 -5883 2483 7529
-3624 -5987 7719 5622
-4724 -7747 5808 182
-2919 -9403 9670 8730
-5841 -7879 8225 9576
-3023 -622 2686 902
-7673 -9881 9077 3646
-6545 -6973 5143 6191
-6067 -384 3155 8828
-7762 -5589 9400 1380
-4178 -7927 6097 380
-3461 -6925 2846 8447
-1296 -1762 6687 5851
-7689 -8910 8980 9026
-7325 -2000 8619 878
-1861 -4338 1998 4011
-1942 -7103 7229 8193
-8047 -8425 4176 7299
-6050 -9740 2440 5805
-2934 -3913 954 1678
-7683 -537 5144 6652
-4943 -1686 4062 6283
-4058 -6976 2916 2486
-8745 -1448 2699 5003
-4108 -3850 9341 4640
-6854 -5185 5086 5121
-4344 -8351 606 772
-6622 -6612 6370 6177
-9964 -2113 5925 4076
-1000 -9155 1807 2888
-9661 -5152 6670 7746
-9668 -9927 5026 7956
-5336 -4694 1188 7698
-1851 -7096 3217 7365
-4953 -9939 6753 9839
-1657 -746 3801 7308
-3769 -4153 8266 2072
-3906 -4246 1543 9625
-8471 -5557 4627 7974
-5627 -6196 9727 3598
-2411 -1088 8564 6059
-1770 -8988 3524 9226
-5246 -299 7846 4540
-6923 -5971 9835 4876
-7389 -6703 7826 5530
-5307 -5974 381 5415
-8557 -7460 652 9274
-7903 -7959 7206 7046
-9106 -6246 3542 9383
-9907 -3725 1909 6749
-733 -577 7939 4681
-1951 -9469 4784 2759
-5413 -3133 7684 4821
-5985 -6929 9241 674
-18 -9148 9324 9720
-4553 -4841 9240 413
-8863 -1607 1379 2214
-2574 -4 6558 2865
-361 -5548 2546 988
-9649 -6947 1018 9992
-1516 -9003 9075 6997
-5280 -443 5726 6116
-5713 -5715 3861 6185
-9771 -9743 7890 6989
-3026 -9466 5575 490
-4698 -3365 1662 5498
-1651 -2339 8095 142
-3580 -1444 1754 5025
-9967 -8289 6609 397
-9857 -184 6972 6182
-1383 -3900 4869 2369
-3663 -5209 4360 1539
-9293 -5347 7167 7455
-6821 -1610 5758 2956
-5218 -9698 4239 9219
-5622 -2625 9957 1546
-3922 -8384 5664 4259
-9672 -3136 8526 9375
-795 -7931 8021 5681
-1276 -8510 3589 4560
-7129 -257 1818 5472
-7183 -3021 4366 5230
-4231 -328 3201 1983
-7266 -8689 2495 1030
-9900 -2319 7612 4087
-9994 -9422 4180 5589
-2231 -1053 9282 3773
-8087 -4326 9437 1491
-3762 -8941 420 3941
-7597 -1075 598 4658
-6931 -6539 1865 5079
-712 -178 7274 5296
-8477 -4133 3576 6200
-1931 -2144 4160 5743
-2685 -7660 6621 629
-5610 -5885 3744 7347
-6942 -9048 8520 9585
-6730 -7464 4771 3932
-5604 -2814 1163 8144
-7645 -9562 4118 6798
-6886 -7806 6672 5155
-1267 -8568 2127 8201
-2913 -2788 7271 389
-1572 -4962 5720 9716
-7821 -2197 1134 7218
-9124 -8609 1677 2318
-6966 -9736 795 6414
-2683 -1830 5404 629
-3979 -4298 5119 2110
-4458 -7552 1460 7548
-7685 -8840 6138 2238
-4223 -1686 9866 4761
-2306 -4079 9144 6789
-9098 -5514 3805 834
-9508 -6601 1497 4046
-7499 -5359 920 6823
-6082 -3336 8541 5519
-6596 -3947 9654 7922
-2080 -8831 1547 2064
-6700 -2699 9779 8406
-5534 -338 7550 9826
-9046 -6436 9765 227
-4661 -1782 6252 3250
-1670 -9041 8643 3660
-9310 -9184 581 508
-3331 -4530 2410 7337
-2560 -8267 115 766
-3394 -3740 8304 6188
-536 -6782 613 9977
-3694 -1524 6560 5061
-4555 -145 360 1795
-5505 -7093 4160 8348
-6964 -9127 160 3912
-7411 -3240 8720 2459
-3658 -2116 4210 7018
-5646 -6094 106 6981
-8635 -7849 9808 3173
-2501 -6168 4479 5469
-4031 -1484 8350 1836
-5648 -2204 8580 8703
-8872 -6432 66 9886
-7722 -4193 8949 2916
-9553 -2548 5001 7109
-2854 -4617 8002 2487
-7143 -7728 5815 6077
-612 -9077 7329 6317
-8352 -3903 8635 7936
-8926 -1357 7153 5054
-8762 -2511 5822 5734
-5776 -5648 9805 4956
-7683 -2247 3496 9250
-2839 -9617 721 607
-5272 -3730 1276 2371
-8090 -2490 8404 506
-447 -4903 4383 422
-1366 -4601 1292 9226
-6371 -718 4968 4587
-4936 -6341 5425 2993
-822 -1607 7942 8098
-9799 -8263 2135 3909
-1791 -4845 6025 5453
-2996 -568 8765 3662
-2106 -9076 4620 3207
-3159 -4034 9583 6633
-7416 -9397 745 1386
-7297 -6727 8153 4989
-7436 -4022 8588 5127
-5251 -5936 3871 5712
-801 -1321 6681 2369
-863 -9501 9630 4514
-3648 -7083 7639 2868
-2054 -2497 7643 1148
-3076 -6061 3391 8764
-9697 -9236 2602 3945
-3249 -4891 8035 8356
-7558 -3722 8376 724
-2765 -4400 8950 4699
-4298 -6011 8030 6704
-5647 -3943 6482 4238
-6839 -3877 8408 952
-2153 -1853 7065 9031
-9724 -806 349 4052
-8148 -5999 6633 3015
-2566 -6501 9489 5509
-2432 -8064 5692 3990
-1195 -5410 9080 5574
-8709 -8170 6824 5926
-7867 -132 3768 7852
-1209 -3696 2538 9717
-20 -1406 4157 5764
-9262 -5551 4144 592
-1593 -4183 2890 3857
-6546 -2952 1055 3681
-4356 -2554 6221 4426
-596 -9217 4724 1490
-4157 -3562 6598 3303
-2466 -7331 3560 6866
-1225 -5634 8004 8434
-2078 -7459 7127 249
-5425 -3999 4070 1443
-2042 -4460 128 5086
-3348 -8862 8147 1839
-1545 -6317 7376 4608
-6403 -3462 5657 368
-4584 -7190 6749 3120
-1239 -8905 7287 2481
-1204 -4243 152 1839
-6628 -4640 257 2419
-5383 -6281 8442 7657
-9733 -7889 5817 8897
-3037 -5550 9080 1474
-481 -5916 7924 8246
-626 -5034 4913 8019
-6086 -4417 4067 3390
-5596 -4312 2160 4879
-4339 -9647 2206 5007
-4779 -9950 217 9211
-1830 -4565 6844 1951
-7050 -5806 302 2609
-8685 -5535 479 1259
-6465 -4881 9252 3531
-4919 -644 9985 6611
-410 -8108 1876 2761
-5293 -1772 6821 3167
-4423 -5589 7762 4618
-5081 -2645 5776 6883
-2371 -2443 5695 2369
-5444 -1556 3343 6254
-4981 -3031 2094 9154
-4996 -9929 9813 2600
-1555 -1877 7895 6590
-1860 -6528 7559 4757
-6796 -3714 2833 6485
-5867 -1561 8452 6785
-5917 -1119 6503 8536
-6323 -5319 8432 99
-315 -4685 4151 6187
-8487 -5725 9531 730
-5402 -745 2802 1291
-5780 -9528 3577 1354
-6769 -3830 2894 3127
-158 -9844 707 132
-9969 -3018 577 6164
-8071 -9219 5976 9627
-2348 -5699 4009 7017
-7261 -4374 8533 4605
-341 -4059 2121 8343
-4591 -5403 8473 3337
-5717 -8595 2215 803
-8220 -6012 2184 5315
-7052 -5300 8795 8335
-4265 -4867 4876 5202
-6443 -6840 5822 2052
-9526 -402 2477 47
-915 -4238 7696 6781
-1079 -4032 6336 5662
-1067 -4331 6635 2150
-953 -5447 699 6277
-5730 -6141 9435 1034
-4542 -1479 8793 126
-3496 -1201 8104 5214
-3870 -6364 7185 7637
-7796 -1593 8274 4169
-9243 -2750 3475 3021
-9253 -9228 4762 2294
-9475 -4919 2948 9275
-9757 -8522 1566 7078
-7651 -972 8030 2124
-8651 -696 2633 5461
-8675 -2204 3183 2362
-7816 -4929 8126 5936
-6172 -7782 3495 3612
-5554 -4881 5782 5985
-2822 -5118 5700 9403
-3754 -5442 8757 2450
-8073 -8467 828 4251
-3195 -5106 3833 8608
-5523 -8549 250 7619
-5040 -8262 8808 5316
-582 -5490 2349 7548
-8494 -651 2052 4264
-4526 -6872 9511 6493
-9933 -2844 6357 385
-7524 -8818 4621 3723
-3266 -2420 1007 4954
-789 -9650 5064 5766
-3857 -4838 6557 6405
-977 -7792 9707 7741
-9082 -8603 2061 4923
-2232 -6526 8487 632
-3738 -7072 9061 3279
-1328 -1345 8759 3700
-4179 -6326 8565 343
-3484 -8069 6730 4292
-945 -7042 6097 2953
-2697 -8606 1936 3192
-6796 -3419 8011 8971
-1530 -8337 1817 136
-9881 -2462 831 4750
-7405 -1527 2866 5445
-9126 -1230 6794 1340
-8371 -3685 4235 9823
-302 -6821 2833 101
-5021 -7815 759 1948
-2312 -237 5987 8446
-795 -1063 3592 3877
-5888 -7892 1832 4025
-3474 -7753 4694 2327
-1292 -2323 9092 9710
-2775 -5540 5209 9539
-260 -233 2923 5141
-1396 -8745 5750 962
-6044 -3378 9384 1866
-5964 -7451 3945 6752
-6924 -4529 943 3684
-8700 -7215 7752 3617
-7368 -3955 8311 1720
-2681 -4442 7330 9602
-7099 -588 1861 6284
-3183 -1020 8003 1467
-4438 -4683 952 676
-7986 -5520 6459 1260
-339 -2332 3028 5408
-8607 -745 8968 8612
-1244 -6505 1942 9008
-8024 -4168 5065 9680
-317 -559 7138 5238
-4797 -7178 4046 259
-314 -1398 204 1636
-3285 -4240 1271 8264
-1036 -240 1130 4570
-9208 -1301 3724 4339
-8191 -8913 3530 4214
-3585 -3069 4528 1412
-5910 -6123 9930 771
-5263 -7683 8473 6198
-6580 -4935 7280 4085
-6710 -2740 643 1773
-1413 -1481 4457 261
-1453 -4697 8262 8804
-9599 -7116 7598 5052
-7017 -6983 5286 9593
-3035 -4119 3435 6900
-2806 -1528 1006 7138
-7365 -6865 9591 9679
-1442 -3395 27 4460
-5727 -4834 7079 3357
-6437 -6709 8812 4117
-5974 -8379 4828 6227
-6703 -174 5372 775
-8765 -6122 961 7942
-4637 -2949 4479 1124
-5028 -1227 9428 9874
-4359 -7182 5818 7849
-539 -289 3218 849
-4675 -3041 5758 483
-9189 -1995 7875 1306
-3881 -1348 4538 9154
-1338 -357 9724 3571
-4606 -7406 4337 7775
-5977 -954 5139 4804
-6963 -2829 2002 3276
-8740 -2750 5555 5670
-1043 -4497 7147 7669
-447 -7877 4097 7867
-4316 -4622 4996 9950
-2787 -9706 9290 2555
-1161 -5604 2428 1939
-932 -5268 6987 8311
-4908 -5988 8915 8597
-5357 -6151 7844 3825
-1067 -6976 8310 7050
-9117 -3169 3629 9130
-4516 -1087 3645 11
-5934 -7388 3139 3779
-9264 -9700 538 1022
-3995 -7012 9299 8508
-1228 -1749 8208 6379
-8253 -3749 2661 9903
-8280 -9473 239 7412
-7480 -7336 8576 4004
-5928 -700 2860 2825
-5167 -1205 1955 9606
-4143 -5120 325 8343
-9721 -2510 7165 8222
-2399 -8904 4782 3018
-3301 -9818 609 5085
-9954 -3444 7301 422
-4372 -582 7891 3633
-8552 -640 725 8291
-3320 -1408 4217 3892
-1180 -8777 4008 8322
-9238 -9326 6134 4638
-9405 -7967 3825 2078
-8586 -70 2650 5816
-9875 -4532 9677 4490
-4908 -3747 8447 4245
-7202 -1820 7729 8392
-1975 -441 4421 3382
-8308 -110 1039 5931
-816 -3130 5619 4389
-8217 -7249 6857 9304
-7554 -1341 5412 8240
-1831 -3993 9447 9929
-9793 -1157 3541 2524
-4265 -7000 1843 3808
-1032 -3009 3681 6778
-4812 -1818 1394 9668
-3819 -814 5174 6752
-5935 -3894 6751 3759
-7577 -2377 6332 7638
-857 -5573 9989 6398
-4122 -7095 1804 4118
-7290 -9410 3975 6562
-2883 -6337 1664 7876
-4476 -5179 3927 7514
-294 -5292 8769 1019
-6679 -6963 2827 2925
-1320 -4024 5918 7617
-5431 -9583 6497 2869
-8462 -5407 843 2730
-5877 -5411 2040 857
-638 -5499 3668 2900
-1394 -4171 2264 6557
-2480 -9743 2587 681
-7191 -133 2729 6139
-1956 -7028 5830 3308
-464 -1525 4756 9560
-2853 -9773 1802 3569
-8801 -7354 1055 4535
-4524 -9637 2392 5485
-4378 -9486 1947 7483
-8399 -9115 2444 4298
-1737 -7391 1171 8953
-8614 -6669 3074 1379
-4269 -7558 3818 7085
-2224 -6482 9895 2885
-3097 -7053 8914 6885
-4371 -9799 9095 3519
-4032 -6927 7251 1477
-75 -8545 2965 6370
-5177 -6980 7281 6072
-6830 -2326 5170 4193
-3608 -8595 3179 7762
-5888 -6284 2886 4679
-8239 -375 3468 1039
-2491 -4316 3061 8704
-2977 -5597 8772 6294
-2178 -1169 2585 4343
-2401 -6372 24 9207
-5935 -1408 5243 3292
-3543 -9177 5333 2347
-1078 -4155 7289 1487
-5027 -2447 7821 5752
-9042 -3310 373 9324
-921 -9383 6536 1048
-8718 -2068 7328 4012
-911 -4184 6541 9641
-1265 -4486 5614 5728
-2509 -850 4947 2424
-9924 -5629 9055 2192
-3514 -7702 8435 3466
-5944 -5370 1935 5434
-1278 -5098 5072 4065
-4849 -3472 7592 2592
-3798 -4113 5400 9085
-4392 -1595 8673 2486
-5758 -5185 2328 2699
-1921 -2883 5784 8542
-5131 -5258 1249 6297
-1699 -6379 8662 3041
-8934 -4261 9114 3242
-2533 -2540 2540 9619
-2223 -9969 1384 9430
-8978 -4754 2941 8005
-8341 -2720 1391 4855
-6502 -7447 1476 904
-9805 -4575 8560 8970
-7937 -4139 9753 8398
-7778 -6895 6989 6363
-3482 -3708 5782 7947
-7233 -784 6481 4255
-9411 -3815 6619 7016
-5569 -6621 4449 1782
-2009 -6619 3706 2762
-7612 -2230 6586 8212
-1011 -3945 9671 4745
-7330 -803 9522 3245
-402 -3425 5585 9585
-3987 -4468 8479 3349
-7093 -7388 3738 1526
-4176 -8150 5294 1299
-4347 -5640 6119 6449
-890 -6814 5686 4051
-9977 -1677 3357 1188
-5560 -6704 64 8992
-1617 -1818 5413 9876
-5167 -7763 7267 4593
-3804 -4022 6512 5160
-9652 -6044 9968 2742
-8912 -9157 7036 1564
-1368 -1110 2874 5246
-7243 -8156 6796 5268
-2059 -9624 3109 7110
-4632 -7507 5164 7385
-2517 -8195 36 7783
-9709 -910 2967 6191
-2389 -2697 7050 1973
-1840 -2735 9744 1357
-6201 -5287 1080 1384
-7724 -798 3656 4224
-1605 -8191 2403 9359
-3204 -9123 5554 3737
-5990 -3635 922 8726
-5855 -2919 9206 9303
-2504 -1245 7987 7259
-1817 -4940 7138 2497
-5538 -2093 8945 583
-522 -3400 1772 3303
-9232 -7024 9703 7063
-1091 -3597 5777 2700
-7503 -9994 8156 3957
-9304 -567 8500 3463
-6304 -8457 4393 6924
-6637 -6135 9320 5599
-6898 -9573 2607 7716
-3311 -7903 7276 4152
-9138 -4913 3870 8998
-561 -4978 880 5168
-5826 -3851 176 6145
-5560 -3159 8885 791
-1251 -3217 109 5077
-1949 -2924 6648 3738
-1233 -3356 2373 7343
-5051 -2234 5757 7896
-1536 -8759 1971 7949
-9229 -7072 7362 9626
-6589 -7064 7960 5303
-1663 -5148 4796 5827
-5379 -9627 5533 8055
-3122 -6845 5614 3241
-9407 -7199 3118 9138
-9242 -1575 1394 6597
-8637 -9037 770 3779
-8877 -5547 6740 1920
-7376 -2665 1768 3206
-6252 -1192 2714 6548
-9973 -4844 4570 2029
-3716 -3946 6400 9169
-1008 -5101 8987 5259
-2244 -8335 5245 2724
-9665 -3080 5812 1901
-4429 -6385 1971 910
-1425 -3288 6792 9543
-6676 -7953 9578 6502
-7438 -2352 4457 3007
-1292 -7725 5531 3909
-1058 -5584 4618 1154
-8402 -5611 7052 9921
-6185 -1221 727 5006
-6451 -6570 6757 5270
-9905 -5385 8802 3359
-3036 -9813 2297 4279
-9104 -9428 355 3042
-6821 -2058 1684 1143
-2318 -9588 9496 5074
-6437 -2502 3203 8311
-6928 -6729 3520 8619
-3025 -7067 4263 3889
-7922 -3684 772 5835
-5933 -8677 3835 952
-9456 -7228 4015 750
-5454 -1744 4632 3805
-8743 -2261 1920 2446
-4749 -966 8967 21
-6364 -7148 2826 9089
-2295 -432 2688 3913
-9360 -3034 5509 1529
-3887 -1988 1591 4137
-4219 -7704 3680 8765
-5368 -660 7717 1303
-1911 -8586 1824 6043
-8723 -4865 2764 7127
-1963 -3799 3054 8737
-4081 -3138 1564 1460
-4470 -1020 500 2012
-9562 -2316 1676 4518
-824 -256 531 8331
-4228 -9521 852 5693
-1803 -3762 1560 675
-6651 -5511 3756 7669
-6635 -3909 777 262
-6541 -3364 234 8053
-7696 -152 3186 9467
-5977 -7035 9453 2520
-4231 -8719 1859 9843
-934 -5482 9296 1537
-3714 -3250 8029 9186
-4047 -3909 5383 6251
-7147 -3703 3330 5219
-1358 -7984 5022 2640
-364 -9892 6806 1783
-8170 -4690 2338 70
-4943 -9127 3210 2709
-505 -2400 965 8657
-3831 -6631 9325 5097
-6130 -8763 7935 6184
-960 -28 8402 8074
-2047 -8232 1850 6341
-8537 -1006 9477 1728
-4062 -9181 782 9535
-7626 -148 4030 2314
-7288 -3352 9082 8841
-6061 -9557 8883 2245
-9613 -5189 392 5966
-7597 -4901 8507 2826
-3471 -2803 4915 1560
-2755 -2857 9968 7719
-436 -9322 7703 7262
-4786 -9075 8409 1660
-8660 -8056 7714 7624
-9990 -3751 8047 2525
-4988 -7637 1898 4027
-9897 -4215 854 110
-3539 -6557 6402 1066
-7900 -8444 6379 8368
-5166 -4399 4836 1798
-2730 -8686 5915 3059
-7821 -2008 693 7629
-159 -3753 1862 7256
-5625 -2665 3882 7517
-7852 -8996 323 6330
-8670 -3867 6333 3605
-2220 -9492 2367 709
-9659 -2122 9847 6671
-6686 -1851 1755 7738
-8280 -154 4343 7185
-9578 -7944 7509 7112
-7536 -2209 7872 5823
-6959 -7779 9178 3863
-7208 -3610 7186 6785
-257 -1755 3732 8727
-1143 -8304 3607 752
-716 -7895 3695 9122
-2560 -493 8578 7205
-9522 -6599 3551 4906
-3643 -1318 6725 9298
-1766 -9654 7913 1356
-6457 -5052 4117 4599
-4481 -4843 2171 8907
-9428 -3274 2258 5079
-5744 -966 76 8243
-1762 -3213 5283 9848
-6192 -1559 7116 8764
-1847 -4005 2159 2645
-8702 -6642 3590 9592
-3182 -5380 8957 5682
-8160 -628 7342 7250
-2601 -8605 7548 1986
-1850 -2884 8157 1454
-9858 -4928 6782 7292
-2713 -6840 5361 5617
-4861 -4427 6790 5236
-5212 -805 5856 6958
-4232 -7143 4677 5178
-6230 -3619 6053 1953
-5413 -7777 5537 6133
-7237 -3048 7452 3179
-6767 -6053 7440 4363
-2032 -5493 3777 2374
-6439 -1920 8661 6864
-1712 -2421 1238 7658
-2831 -8171 9510 9578
-687 -8447 1727 4625
-8039 -5909 655 2906
-3020 -9469 4187 7461
-813 -9105 5410 2493
-1486 -5067 2705 1078
-8642 -5068 2135 7619
-7850 -3632 3241 8314
-2853 -9243 6609 9749
-996 -8417 4398 8002
-7187 -472 6391 2837
-1859 -4697 964 8030
-8710 -1392 8923 5973
-2625 -1357 1620 7685
-9967 -4246 4053 6439
-2050 -2991 9706 6200
-9254 -5848 197 3204
-6923 -8167 4444 7218
-1889 -3061 2464 9569
-3227 -3962 3036 7841
-4827 -764 686 4417
-7860 -9513 6220 1781
-1677 -6993 6684 1972
-9736 -484 9187 9822
-904 -8116 9273 3117
-9399 -1802 218 5178
-3504 -1365 6612 6796
-5668 -6353 6802 3360
-702 -8457 8586 8508
-8912 -2183 276 5421
-4784 -5481 8944 5281
-3253 -7217 483 8970
-6601 -9886 828 6088
-296 -7354 5914 2852
-1749 -917 2929 8534
-2574 -6054 7202 220
-4269 -5121 9347 4003
-2948 -1671 7462 906
-2570 -3808 6781 1855
-1348 -3272 6762 7199
-2877 -1132 1571 4105
-2706 -3020 3205 3067
-2350 -4450 6333 3791
-7564 -5673 7433 1425
-6992 -1353 581 7130
-6541 -4371 8433 4405
-5174 -9156 6113 5923
-5256 -5269 4955 7601
-5597 -8499 2129 2779
-6746 -1651 5957 8721
-4115 -2318 6852 9894
-8092 -3468 9196 3806
-3057 -8198 5792 2130
-9795 -7373 3896 2402
-3481 -7386 8914 5427
-2032 -8481 9812 8141
-8167 -4310 1896 2987
-8771 -7875 4764 1179
-2847 -6334 6929 7204
-2314 -5500 3138 4269
-6365 -2948 6308 1736
-2719 -3784 6349 4985
-1134 -5603 1973 615
-5159 -3718 5816 8913
-1854 -3127 5504 2405
-5190 -7576 7014 7287
-3745 -9154 8966 5218
-6966 -554 4562 1229
-7620 -5332 8037 3557
-2224 -2664 4247 6686
-6865 -3788 4075 2115
-1770 -5179 6729 1343
-7413 -8098 5589 6771
-2445 -4921 5134 4936
-3460 -1403 8228 8831
-6672 -6048 9586 7247
-5891 -4633 8886 5450
-4237 -6234 5675 777
-5067 -4925 935 4976
-4959 -3057 393 7457
-3112 -9126 8380 7695
-6764 -45 7970 7013
-2884 -2566 6691 6096
-8312 -5471 49 7586
-3822 -5274 8580 7373
-6336 -4505 3120 5752
-2942 -5258 8144 9851
-2161 -9347 2106 2179
-413 -3880 6194 5671
-9857 -6937 5900 2980
-4510 -2042 7583 65
-6774 -5477 599 1319
-8872 -7692 9365 9658
-246 -8137 745 2772
-3306 -3859 644 4157
-9036 -4065 6346 2168
-5580 -6000 7099 7185
-3456 -4828 6214 6899
-1625 -9530 3701 1346
-3994 -3479 8073 7876
-2228 -4324 7348 6600
-4963 -3711 6729 9587
-8076 -3500 4208 1772
-1230 -6655 7895 7494
-520 -5884 1925 9602
-400 -671 2920 8177
-7311 -744 1575 6059
-836 -9034 6504 2372
-9130 -9106 6798 3614
-5173 -8246 2270 8902
-454 -5381 239 2802
-8960 -6083 9632 1134
-3025 -7935 2605 4357
-9482 -9044 9255 5256
-4458 -7643 8807 9263
-5505 -5095 5608 3374
-5494 -663 8346 889
-3221 -2148 1118 3637
-6183 -1657 71 6118
-961 -1639 4336 8167
-5763 -7362 4171 8139
-1702 -2395 8996 1679
-9348 -8712 2154 7193
-3165 -6386 8860 4444
-9916 -813 4503 1269
-4497 -8941 2262 4868
-5590 -3382 1712 1310
-77 -9621 4373 9471
-887 -4966 8068 3301
-1493 -2702 9531 1872
-5373 -8553 9970 4061
-5219 -5920 3796 6412
-5741 -2413 9980 4358
-8115 -8663 970 1867
-6197 -7730 6682 3469
-6949 -7114 3862 993
-4027 -1059 6712 7635
-1113 -3899 3771 4195
-1311 -9295 4557 7967
-9450 -4274 9531 8645
-1473 -9492 1812 4541
-1200 -4333 9702 6887
-5064 -6073 6392 7794
-8330 -5263 2620 865
-2183 -7852 12 6543
-7680 -8809 3041 6416
-6147 -877 5154 3695
-8159 -5780 143 8713
-7392 -7427 2226 3204
-9725 -6864 6600 8431
-8074 -1996 6992 8767
-8198 -8683 4665 676
-4731 -385 7568 862
-6651 -243 6259 8304
-7202 -6613 948 280
-5095 -12 7925 6988
-4959 -2564 3825 9867
-8956 -8302 439 2666
-7240 -2433 9370 4727
-3293 -8032 1082 5771
-8050 -5209 803 4456
-3774 -2568 8028 3387
-2650 -2940 563 7825
-9468 -6795 3450 2598
-8289 -6778 3464 1879
-1117 -8413 3562 6665
-6665 -6306 5832 1344
-4309 -1570 9234 2437
-4420 -9046 6582 9432
-5223 -2139 7967 9974
-5374 -7210 9913 3719
-2786 -8332 1198 9728
-1226 -6639 1117 4762
-3978 -5525 8719 392
-8275 -9380 3280 1652
-7859 -3632 7657 2592
-1477 -4571 4815 9321
-8843 -8542 9923 7726
-4484 -6097 6498 2851
-7284 -973 6298 4058
-1616 -5799 5620 7862
-8630 -7609 4608 9872
-3605 -4524 1791 8412
-4714 -5541 8265 9831
-3912 -3862 2490 7068
-7362 -3340 3578 2145
-9490 -8923 5103 6093
-166 -6387 526 460
-4149 -134 6835 2346
-3218 -2927 2921 2533
-8575 -5666 8930 7837
-4098 -5212 2720 5401
-3088 -2324 4111 2791
-3148 -7056 3006 8407
-8205 -692 7984 4924
-2417 -1411 4904 1526
-8461 -1927 7123 3309
-3552 -4641 8636 7519
-3213 -3251 3484 6628
-6765 -308 18 3583
-3635 -8893 7677 1330
-7190 -8237 5537 3359
-7468 -9412 8000 2147
-5536 -5189 2483 8496
-7891 -2587 3185 4398
-2588 -7308 9602 4117
-1687 -4632 9777 5055
-9884 -9603 7496 8246
-1989 -5219 4520 6629
-363 -1800 7659 582
-8679 -8750 8592 766
-8368 -1735 7937 2410
-315 -1830 2988 4530
-5981 -1223 1515 29
-4578 -1881 2285 7471
-6590 -9360 113 465
-1232 -1909 2064 4920
-2342 -9564 8694 8791
-5826 -9594 6289 8260
-4019 -5969 1616 9312
-6009 -4997 4747 7244
-4204 -9929 1943 7107
-7997 -2714 3777 5757
-3110 -5304 5288 5452
-7216 -4702 5874 8168
-2150 -3730 3169 9875
-5715 -1668 3145 1042
-741 -2615 2712 4550
-9881 -3852 9538 6764
-593 -5901 9997 7254
-146 -3004 5200 4957
-6583 -2437 3047 9207
-1246 -1769 7580 9929
-8816 -2809 1229 354
-1803 -7493 377 8012
-7694 -825 9596 4283
-2137 -8419 1365 5191
-8086 -106 6625 5089
-9377 -8596 9692 8015
-6064 -9049 2548 4199
-4902 -2534 5100 8881
-5891 -3353 3049 442
-2820 -1920 8376 769
-9682 -168 6585 610
-489 -501 7183 5790
-5976 -4767 3715 2422
-3857 -2825 7449 8898
-2028 -1780 6475 3805
-7493 -6486 4652 6215
-6998 -185 7769 2018
-2843 -8933 2947 1350
-8617 -1384 341 594
-1657 -5531 7752 8568
-7159 -6290 169 7262
-7101 -8175 3988 1752
-8943 -6809 6116 1783
-6996 -3767 3469 5469
-4827 -9383 1215 7267
-4239 -5830 508 717
-5603 -1675 1953 5935
-2271 -1535 406 4884
-166 -4427 1792 8127
-2390 -4064 7156 5086
-509 -5495 5167 8441
-3949 -962 8344 6139
-11 -6047 5549 1605
-4696 -5909 1366 2661
-5980 -6561 4461 1794
-35 -1349 3984 3471
-8228 -297 3101 7656
-1236 -4512 4352 9683
-5229 -4376 1693 3682
-4650 -5911 9437 4752
-4105 -2211 5017 6290
-8390 -4975 7008 3384
-6140 -5466 6274 5315
-344 -8707 3584 4724
-1572 -7327 5220 758
-4998 -5466 285 2363
-6376 -8829 1622 4105
-994 -5115 8464 4245
-4274 -3546 6537 107
-3177 -8726 3451 3204
-9248 -3985 8338 1959
-5239 -5731 2737 5936
-5280 -37 9408 5417
-6650 -3587 6121 3500
-3947 -2222 9981 8087
-5573 -1265 9003 1331
-8544 -1403 3284 9893
-4479 -9947 2370 1182
-4532 -7073 24 2642
-997 -9032 5108 6193
-2492 -5000 5495 569
-8899 -5228 6375 6475
-1099 -9351 1458 7929
-9768 -5840 5102 9833
-170 -2055 2910 8085
-4402 -5617 4309 5110
-6082 -6881 7337 4265
-1900 -9288 8009 2468
-261 -2820 427 1499
-2123 -5287 2620 5401
-2877 -1555 6345 9844
-8708 -3960 3900 951
-3645 -9877 120 9943
-6706 -9096 2378 7113
-6146 -4155 4538 5263
-3645 -6827 3792 946
-5527 -1886 5148 314
-2422 -7270 6474 3528
-2627 -1519 165 4672
-3281 -2782 4620 2622
-4009 -978 4034 852
-4759 -7154 5402 4892
-8431 -5026 6490 5480
-6308 -5512 7548 6173
-9930 -2203 6761 9331
-4250 -4346 9101 7265
-8788 -2225 401 1616
-8504 -8565 9104 5564
-8761 -2170 3827 3906
-7575 -4016 2658 6214
-2774 -1791 2978 7555
-5516 -3086 1672 5525
-1604 -3239 1151 7818
-329 -7432 6066 6820
-419 -6829 4374 3421
-2264 -8461 7242 4085
-5199 -2356 3941 5840
-2422 -2345 5066 2161
-1586 -5345 5600 823
-9457 -5989 4698 6230
-9617 -9629 8780 2363
-7612 -4823 8229 1461
-7358 -1421 3563 4642
-6829 -9246 4262 2975
-9763 -3427 9874 8112
-9410 -7960 2368 8311
-9860 -7487 3417 452
-6033 -949 1600 6697
-9315 -2223 86 919
-5045 -1705 5302 8023
-7457 -1968 2429 5011
-4632 -4041 275 1261
-9147 -920 26 6043
-3536 -3412 3573 989
-475 -2171 4620 6248
-830 -912 9283 5697
-8827 -9732 7056 5133
-5510 -5054 9865 9681
-4258 -1592 7558 5868
-3043 -591 2413 1166
-2411 -4926 7823 2823
-5467 -5535 2466 3275
-4384 -8549 2794 6053
-8359 -1566 5793 7403
-9818 -5993 1972 1421
-9243 -2953 6277 804
-4660 -7980 5102 5130
-2824 -7293 2877 4178
-2638 -9220 3443 3103
-2737 -5721 3956 5416
-1164 -4394 5928 30
-3921 -3991 1709 685
-4809 -5182 3080 420
-9256 -6178 5681 6856
-6026 -7762 6278 6462
-768 -4668 4646 3410
-6205 -6653 6835 2172
-1848 -7414 576 2464
-3669 -1802 7241 1554
-3826 -7191 2967 7260
-742 -533 9702 8928
-9481 -9456 5368 7096
-3104 -5628 6701 4697
-7419 -1628 8692 9205
-9484 -8191 5424 5845
-2693 -1612 8281 6994
-5667 -8390 7692 7464
-5859 -4767 7295 6759
-4462 -6862 8699 4852
-7185 -7014 8419 1957
-133 -6732 5037 8706
-5383 -857 1478 4268
-6644 -9427 3930 8931
-5619 -3031 8879 5519
-2123 -4021 1109 2540
-6850 -3284 4507 7896
-5504 -2178 9052 564
-4702 -9272 3360 3998
-3892 -9484 9059 476
-7995 -8747 7474 7404
-1877 -1852 7134 9779
-5873 -4639 1229 3934
-8254 -1532 2848 701
-7736 -2953 8992 2754
-6471 -6625 4955 7940
-1945 -7248 4460 199
-1417 -14 9731 6028
-2302 -7343 7077 1461
-3766 -1834 270 4106
-1083 -7824 4558 3250
-8296 -3368 6575 227
-9992 -4770 3268 9470
-5970 -5336 1197 887
-2497 -5557 9334 2631
-2947 -3909 5450 47
-9391 -9514 1388 4196
-9785 -5334 7636 1310
-3587 -6419 7538 9413
-2234 -3376 1873 4148
-8588 -6020 9525 4543
-9669 -9794 8517 7729
-8238 -1165 3117 7502
-4347 -5555 815 9996
-4815 -5375 9263 6896
-9809 -372 5586 5945
-4365 -7612 9933 4306
-9690 -7708 757 8957
-5545 -2321 6857 3372
-3644 -2825 9559 9187
-1406 -6746 9682 1897
-2309 -5953 4416 6634
-1458 -1049 4656 3832
-807 -8443 1227 2898
-4516 -7656 6229 9166
-7975 -1635 2161 5216
-434 -9507 9102 5865
-9573 -6341 7910 8551
-6260 -8973 1742 8977
-1553 -3672 3263 8535
-2331 -160 3157 758
-6693 -2480 1314 1595
-1817 -4042 5635 432
-6648 -8305 1602 8964
-9956 -2717 9153 8517
-8980 -626 1093 479
-1241 -8386 8328 5671
-1751 -2508 4369 3924
-4587 -2982 702 5962
-5888 -9694 3332 5193
-9826 -9883 2540 629
-1421 -5910 2270 1262
-5233 -9265 7102 4353
-4080 -9270 9496 4028
-5408 -3369 4041 621
-8989 -9656 5992 3457
-2282 -2053 2945 1448
-5949 -9873 5077 7111
-1123 -1859 1993 2925
-8055 -6276 7871 3817
-9761 -6029 1922 3423
-6773 -3305 909 7388
-849 -6611 5235 8963
-9337 -4463 2380 1266
-2071 -9234 5629 5836
-9387 -1494 4418 6505
-9450 -4863 3566 2897
-6505 -9608 8826 1972
-4646 -6861 6898 4667
-9174 -2735 9650 4607
-6038 -9035 9928 1093
-8259 -9711 7989 3337
-4201 -7534 85 8801
-3984 -3883 3553 6419
-670 -6212 191 7021
-8713 -7893 9491 2309
-6612 -6334 5181 5850
-7822 -7130 2493 8044
-1404 -6354 7696 5652
-7715 -1859 7843 7104
-6540 -3632 2465 2089
-8160 -5924 3327 5133
-7531 -5884 9310 8094
-2603 -7365 5452 2323
-1139 -9459 7394 6311
-7572 -5026 2138 6005
-9336 -36 4482 5003
-4918 -3702 6292 8736
-8784 -5674 4790 6411
-5939 -8876 2872 9654
-5815 -7431 5678 7639
-4049 -6888 8716 5808
-5967 -6836 7514 7119
-22 -4645 9059 702
-8152 -6255 3706 264
-4455 -6394 7816 9298
-1457 -6830 8134 3102
-2205 -191 3054 4611
-7231 -2326 8366 5599
-6405 -7848 7859 488
-7539 -8705 5033 919
-6269 -1097 9172 4814
-4776 -8903 7857 8352
-5857 -4842 5174 3619
-654 -1676 2585 3683
-1288 -2714 8768 31
-6732 -471 9071 2990
-3729 -8394 8507 388
-7153 -8260 2912 3523
-9934 -6290 4956 8187
-1684 -8238 3463 7416
-6183 -5773 1519 1553
-7956 -7283 5073 775
-3476 -871 6888 9784
-442 -1494 4904 6679
-9630 -7146 4906 696
-1456 -9092 5807 5231
-9590 -6182 9825 6969
-4528 -5008 4656 628
-7061 -8151 2461 2189
-1546 -4680 712 7067
-1541 -7051 5184 1637
-1373 -3774 7090 8150
-2985 -9061 5986 6270
-9407 -5608 1025 5586
-9640 -6219 7142 2330
-6173 -4079 6922 8457
-2810 -1446 880 5763
-8117 -8084 2283 3576
-5585 -5086 7719 6682
-6342 -3546 6 1368
-6429 -8021 1313 9816
-3365 -296 376 3278
-6868 -8716 2718 1069
-1423 -1830 6249 2013
-9645 -1941 1252 7243
-1169 -8499 9435 2664
-8460 -7502 3124 1776
-1140 -4020 7011 2325
-9342 -8046 9187 2693
-7202 -1995 4585 9814
-5034 -694 3984 5724
-4899 -6173 5758 8384
-8815 -1986 7965 6748
-5155 -9990 2141 9359
-9086 -8187 2537 803
-8818 -9122 866 6732
-9593 -3447 2444 2046
-8280 -734 2529 3237
-5351 -9165 5515 3398
-7187 -4865 2049 5735
-7727 -1451 8287 5630
-76 -9896 8331 7403
-1263 -894 8641 1707
-6537 -6509 586 8157
-7767 -6324 2241 1568
-3056 -5675 2814 9007
-1223 -4602 9047 3170
-1091 -550 3424 9321
-6039 -1780 3047 9858
-7736 -3052 3465 5861
-3223 -9566 7716 3705
-7701 -4764 7088 4185
-9463 -6135 2291 8645
-6394 -7215 666 8907
-564 -3313 4706 9567
-6909 -2783 8342 8836
-699 -4168 3730 8232
-9111 -6985 7611 3052
-3840 -2171 8285 7979
-3931 -4975 4746 3251
-2638 -7605 6843 6022
-3287 -3317 8396 960
-6434 -6380 9755 2366
-3067 -3917 1647 8362
-3931 -6217 4873 1301
-6917 -5537 9556 2200
-59 -2972 9988 5601
-5776 -8947 422 8895
-9899 -2909 2025 9789
-838 -239 437 8433
-6123 -6052 3441 2438
-3917 -6757 8940 7742
-6910 -2374 7916 6809
-1939 -797 1278 2113
-350 -1293 711 9494
-9705 -6444 6804 9981
-5411 -8947 4583 602
-7666 -7643 2757 2803
-1630 -1810 2079 4219
-6267 -4216 4014 402
-3218 -312 2718 5551
-4253 -9361 984 2383
-6632 -3099 3293 7378
-7053 -5960 751 8766
-505 -4107 7987 1620
-3805 -9297 9608 6921
-2845 -6599 1355 7389
-536 -8666 539 3242
-835 -8460 6369 3072
-3270 -1940 6622 1669
-1123 -9300 8407 3373
-9777 -8836 2151 8864
-2798 -4471 4824 9804
-7324 -1193 6376 2224
-5286 -2316 5287 8554
-2231 -5723 9771 6662
-7983 -5807 1312 2951
-384 -8473 8262 8212
-6089 -4226 6714 670
-8393 -6099 3295 266
-4865 -7745 2077 7115
-457 -1442 4369 2572
-239 -1350 8040 6936
-3820 -4537 1164 8970
-4406 -9384 1135 5537
-3284 -8063 4209 9259
-510 -331 3230 3706
-8186 -1280 448 5658
-2276 -2060 9899 2309
-9434 -6639 565 6916
-2961 -8035 9408 3800
-3817 -3030 8067 2223
-5947 -3029 3162 3963
-6981 -8857 8962 9707
-9614 -9980 9183 190
-2318 -91 5671 3389
-9265 -1728 8101 7364
-4412 -7824 8726 5027
-9605 -4842 3537 3177
-6102 -209 5827 535
-4044 -1258 6355 7274
-531 -6276 7320 3613
-4231 -7170 2815 5389
-2819 -8703 197 4522
-3122 -5357 8765 4881
-1466 -8120 8896 7957
-1851 -9575 7308 7567
-826 -2464 6031 5369
-3311 -2799 102 8771
-1213 -6324 4887 7630
-8624 -9294 3101 6534
-144 -54 6629 1599
-76 -558 2886 6680
-9549 -8333 5191 5555
-5389 -3235 8997 8895
-9015 -3289 6912 6567
-9141 -4072 6252 5797
-4694 -9741 7448 5160
-3273 -2533 2429 4614
-4167 -8880 3058 9430
-1889 -6307 5351 6025
-9230 -2784 5538 9316
-2365 -3928 341 2891
-8018 -8833 4415 2621
-4487 -1157 922 9096
-6100 -9825 1742 5475
-365 -7194 2646 4213
-9249 -4540 5377 3014
-3719 -6014 6057 2173
-98 -9284 2741 2133
-7082 -334 8163 2328
-1557 -8910 2586 6664
-4144 -4705 8141 3701
-2295 -1302 6527 4238
-9865 -993 4835 2348
-3264 -6886 5753 3016
-3942 -3494 1958 1113
-6757 -8424 2452 1219
-2319 -898 7642 9009
-4162 -5925 2363 3188
-1455 -6397 6757 4636
-2942 -7797 1810 1593
-7716 -6312 9282 5652
-4327 -5420 3058 5803
-2178 -6324 3288 9700
-8966 -4250 3893 6653
-2384 -2252 808 6079
-9703 -1466 1192 1522
-8433 -4221 9200 6116
-4295 -2170 9695 5663
-4799 -8347 2750 4970
-9976 -1365 8775 3363
-8696 -9019 9761 5787
-6835 -258 7864 84
-3859 -5328 9981 3184
-544 -7445 1486 6791
-9569 -5973 913 6190
-7630 -9267 5080 8478
-7909 -8852 7822 2277
-2028 -1405 9422 4253
-1351 -6533 7700 106
-6805 -5106 6720 6026
-9555 -9818 3036 6964
-28 -1168 6430 6744
-6671 -6083 5175 1052
-8493 -637 734 7037
-6330 -5620 1957 3937
-7862 -5410 9197 7095
-4695 -5667 7910 7743
-9097 -1327 2 9212
-1329 -1665 3261 4680
-2702 -6350 3801 9543
-1243 -2867 8999 3469
-6048 -626 2172 7538
-9198 -7493 2123 6341
-3791 -3333 6128 3220
-2628 -7710 2682 4475
-6846 -5905 4230 2907
-327 -4056 2771 1804
-2835 -120 7768 7642
-8248 -7750 6007 8190
-7491 -8344 8321 8514
-463 -4574 2077 7480
-774 -6102 2839 1821
-6640 -3439 3458 9978
-3179 -2364 4605 7380
-5500 -6132 3726 3902
-238 -106 5693 890
-2777 -8887 8445 1901
-6166 -5903 5360 9923
-6054 -9057 1182 8042
-1149 -8909 797 1732
-807 -1676 8420 6490
-1720 -6058 3446 5129
-4882 -7297 3485 2992
-1089 -9591 343 6433
-7092 -8354 2573 1974
-2119 -9278 5382 1970
-8516 -7813 2894 5445
-535 -6728 2916 3025
-7248 -4369 2916 4064
-4570 -4265 8210 1947
-7161 -3210 7643 6153
-6613 -8274 9635 7919
-2822 -8455 9766 2013
-5352 -3415 8869 7951
-5065 -9423 9034 2599
-8243 -2589 3138 1429
-9187 -3866 6103 5467
-1133 -1839 3583 9977
-5499 -948 4481 4605
-69 -6492 8762 6435
-3407 -1951 8388 8212
-5048 -8997 8595 8912
-9196 -194 6875 4250
-221 -5727 9085 5145
-8182 -7319 6855 5976
-6637 -6005 7610 8554
-8408 -9037 4734 5741
-7066 -7296 9878 2481
-7966 -3863 6429 4883
-6845 -2733 1234 4067
-8191 -1809 4205 3212
-4218 -3677 4510 9407
-6452 -3351 8197 8230
-515 -128 8751 6878
-950 -6437 5114 6385
-7730 -9698 5856 3434
-2849 -7812 3679 2952
-6377 -7742 5717 3938
-3897 -7571 5500 7194
-9206 -1771 4409 1313
-2361 -5185 294 8575
-7803 -5783 6289 1713
-9986 -549 8004 3698
-9099 -8857 5313 217
-6035 -1544 8534 3782
-7853 -4322 437 1422
-2045 0 4749 4900
-2288 -7540 3737 7302
-3152 -6657 9379 9872
-4284 -9432 2958 2267
-7148 -5921 18 8373
-9466 -6023 5383 7676
-1859 -9629 6010 8474
-940 -1150 3162 8629
-5358 -6486 5989 7529
-9759 -8051 3692 7780
-8465 -4226 5962 9073
-2103 -4137 3797 1376
-1436 -7883 1841 755
-190 -4755 7303 5219
-8947 -9711 7189 2256
-480 -7556 5965 7750
-8981 -4800 7858 6139
-5197 -81 274 9812
-7502 -1825 7662 4729
-4714 -5620 5630 4814
-4951 -5536 4425 9647
-2497 -8748 8315 3197
-3057 -7719 2117 7609
-8180 -8299 9487 3271
-6162 -2315 7872 1506
-1570 -6114 4364 6629
-8286 -4620 8528 5440
-2663 -8549 6506 6875
-3898 -6548 233 5483
-3462 -3507 1877 2690
-3451 -270 6075 1571
-7612 -3857 5057 9181
-599 -7108 1939 549
-2759 -5742 566 9617
-2799 -7264 3426 8078
-4478 -694 4278 8965
-2586 -9352 1726 7275
-6996 -9755 2620 3879
-4091 -7688 523 9677
-9856 -3369 6974 5609
-3897 -2648 5267 3434
-9719 -4071 1291 9455
-333 -5031 7189 675
-8175 -7858 3540 3934
-8964 -2266 8799 6009
-3997 -6155 6329 2109
-7330 -2860 1694 390
-1325 -2453 2169 3464
-5647 -54 9435 587
-7878 -2210 2512 5687
-4898 -7456 7336 4788
-3292 -3730 8898 2762
-8615 -8226 5503 7142
-714 -2717 4921 8034
-1862 -7519 1404 9452
-1270 -7306 7622 9910
-7009 -5412 7133 3451
-1403 -5044 1703 3003
-4910 -2258 146 7608
-9660 -378 6433 2027
-3774 -4950 8799 8981
-2431 -794 4873 2249
-4666 -8537 1374 5484
-6176 -9565 6159 7799
-9185 -3522 8175 8884
-9219 -6508 7815 8982
-8656 -3425 6154 3222
-6775 -71 272 6019
-2102 -6108 9116 4159
-4090 -4458 5104 919
-7512 -8598 3227 6718
-4599 -68 5478 4681
-3441 -3454 3015 8099
-6403 -6134 7112 9265
-7230 -9254 2716 6279
-4869 -8824 2577 4265
-3613 -6492 9693 260
-6212 -9112 8650 3586
-7831 -9238 9002 3954
-1202 -5876 6640 1155
-1283 -2458 5499 918
-3290 -5111 4751 5625
-3757 -9284 1485 8302
-6828 -3998 1943 4961
-8121 -9182 6128 7772
-7472 -811 1613 6820
-9268 -7573 1455 139
-2523 -274 448 2654
-540 -6569 223 7535
-9980 -2097 8038 8626
-7465 -2417 1726 3832
-9595 -5608 7267 6166
-8343 -5727 5840 9807
-1234 -4754 4662 710
-6547 -1380 4887 1179
-2330 -8557 3717 2383
-4169 -2466 4766 3614
-2043 -9207 7472 331
-162 -5097 5771 7727
-7099 -1874 6690 5955
-8108 -2945 6440 9652
-2848 -233 4727 7722
-8753 -4314 3237 1980
-380 -7607 6150 3195
-7652 -8977 1453 1703
-9581 -7141 9381 4446
-4185 -3909 668 2002
-1725 -5079 3120 7984
-9880 -4771 2701 588
-5987 -7972 7287 5034
-676 -7883 6944 1815
-3914 -8945 5040 9455
-9140 -2572 2023 6402
-1739 -1095 3221 3907
-612 -1335 9387 5471
-4084 -3413 9493 576
-6476 -4193 2360 2522
-3864 -3717 8826 5475
-1146 -9562 8919 7609
-2960 -8176 528 9569
-1823 -5389 6501 8668
-6997 -2754 9322 7690
-8502 -7170 7281 6950
-5809 -9744 8204 1381
-106 -1765 5424 8549
-8999 -3779 5050 8235
-933 -9352 3168 7920
-6151 -1920 1292 9113
-9920 -6991 6338 7532
-5821 -9010 6153 3373
-6841 -7594 8238 7519
-4255 -3693 3155 9960
-2298 -7130 159 9454
-4432 -7351 9271 5301
-3831 -9260 3328 7376
-1602 -8435 7170 7001
-218 -7103 1271 9501
-3385 -1852 4400 5839
-5526 -183 2841 878
-3416 -327 4392 3705
-6700 -4138 5607 5534
-31 -107 8886 3135
-3697 -8382 966 4747
-9767 -5701 5943 7810
-4843 -6408 2902 7479
-8047 -4909 4565 9289
-8632 -712 1288 5452
-2739 -8661 4168 3488
-7799 -7959 2586 4742
-8130 -116 1799 6695
-9717 -4224 8470 6281
-9569 -8817 4915 986
-8058 -308 1049 6018
-649 -4441 3869 4012
-5439 -3070 3923 5734
-3532 -1142 1497 5522
-9176 -6846 6213 8062
-6199 -1619 1746 8857
-8869 -4376 9981 2824
-8001 -3605 2824 3909
-1706 -8479 4658 1163
-775 -6663 328 1056
-5809 -7867 8190 8776
-2660 -133 185 2229
-3702 -1726 2357 2071
-8411 -7693 5302 7878
-1217 -493 3879 9783
-2024 -9060 6901 4886
-7845 -520 6505 7502
-7963 -8469 7838 2156
-3749 -5690 1538 4485
-4610 -1191 5163 4760
-1409 -6366 9306 8830
-7997 -3210 9561 233
-1696 -7949 6120 2070
-8918 -471 1561 3974
-8455 -431 2517 4591
-4258 -7794 4238 1069
-430 -9759 7263 4488
-8014 -3037 4359 307
-5008 -6693 20 3184
-6013 -8174 4935 4465
-4327 -5596 1825 3265
-4930 -6869 9197 953
-6287 -8668 2024 5203
-4276 -6387 1269 4389
-6317 -4137 2551 4039
-3244 -8283 6367 580
-7836 -1221 8723 9066
-6193 -6594 3962 6413
-901 -9002 7497 3729
-4668 -9142 3212 4222
-7507 -9372 1426 4070
-4315 -4576 8552 5319
-578 -501 2345 9718
-3937 -479 725 8589
-7727 -821 2237 9672
-7478 -4534 3589 4376
-8733 -8451 9096 1996
-3170 -4074 1959 3051
-3696 -7345 4251 3052
-5527 -8994 2382 7749
-2422 -9601 8697 5999
-9504 -3515 9909 8992
-6076 -7972 1824 6801
-9928 -4400 2055 2508
-8588 -9726 4404 4058
-2805 -6928 8970 5942
-4670 -5161 2805 1564
-4719 -7924 8588 4459
-6104 -7975 4773 8946
-7214 -1743 5061 2773
-9254 -3367 966 1747
-5452 -3214 5560 9347
-5791 -4938 6417 8540
-9818 -8766 8491 9101
-7339 -4783 5694 3931
-2438 -6047 5808 9380
-2455 -5049 8625 588
-7035 -7232 6045 5044
-3328 -5693 9697 667
-3129 -5943 378 8569
-6001 -2820 3229 6697
-9531 -1696 5722 8719
-3623 -8568 2322 7019
-7823 -2405 4529 2561
-8027 -455 3069 9670
-119 -5349 1413 781
-7368 -4277 537 4038
-6027 -7056 7365 2949
-8821 -3451 8215 4058
-9494 -3280 2310 7151
-2100 -5716 3863 6662
-9555 -9502 3131 7492
-3234 -649 6554 4397
-6774 -3583 3789 3907
-9438 -5823 666 4090
-3282 -7158 2560 3190
-1281 -5001 8491 6503
-4978 -7584 7072 1933
-6445 -7595 1306 5858
-5892 -5980 8874 88
-6524 -9855 2984 205
-9435 -3276 5641 9031
-1409 -9958 4523 6024
-6509 -8843 8233 2873
-404 -1986 7888 8902
-9736 -7257 9482 2033
-736 -8144 608 8164
-6507 -8426 9634 8797
-3407 -7560 8929 2025
-3428 -1361 5473 3573
-9620 -3672 9021 867
-913 -7891 6144 1232
-7308 -8824 7478 3795
-2633 -1471 3697 6438
-397 -3835 6512 8206
-8169 -6229 6116 8461
-1897 -5226 9933 6949
-5662 -2740 4700 729
-8620 -318 6059 2027
-8789 -8216 3029 3665
-818 -1955 9494 2827
-9843 -22 1922 2769
-1428 -6892 1478 2477
-2752 -3144 5126 7167
-9479 -2415 8832 916
-6935 -516 5084 4701
-2729 -6197 2294 1632
-1564 -354 8352 2039
-1399 -3972 5796 5517
-6282 -8171 6932 4076
-5218 -329 6273 2573
-876 -8894 4210 8610
-1046 -4586 9190 9949
-1442 -9982 210 5117
-2485 -8528 2992 3835
-1970 -6574 3596 2930
-9833 -3159 1899 1666
-4246 -8510 797 5619
-6846 -3178 4140 5652
-777 -7815 5632 4567
-2658 -685 8962 6248
-3825 -1461 4928 8885
-499 -996 1325 5396
-3259 -9034 40 2832
-4343 -3048 5531 5072
-3807 -8122 1960 2663
-2924 -1327 9188 8153
-8185 -9810 5276 6484
-43 -8465 990 7962
-4251 -4783 7776 6257
-3090 -9219 3549 4364
-7865 -473 3014 3762
-2259 -9047 2004 1451
-3 -1902 1440 5892
-6086 -888 2332 94
-9154 -8690 4172 3729
-8512 -5955 915 9391
-930 -6925 4963 8479
-5006 -8038 5606 82
-8788 -2508 3325 7786
-9290 -4320 8077 9325
-9312 -6244 5180 8679
-6156 -1048 4744 3579
-1433 -9453 3934 5303
-560 -1729 7064 381
-1182 -5211 846 706
-2780 -9639 6992 2749
-4862 -6805 641 4507
-9861 -8943 8247 6044
-9521 -2302 9827 3141
-1321 -8341 690 3482
-4763 -7007 8317 6887
-66 -2626 3210 9994
-2221 -844 2506 5022
-9636 -6749 9611 9678
-9777 -3282 7231 558
-6721 -5265 9695 7080
-1663 -7819 1374 1373
-8880 -4136 894 2326
-7296 -3028 6661 7997
-7173 -8412 7518 7848
-3496 -5452 1332 7789
-3830 -8427 820 3292
-8530 -3508 617 2249
-9382 -27 4150 3632
-4899 -9930 639 4170
-1118 -3037 5275 5997
-3578 -5377 5101 8673
-8950 -7391 8273 8806
-7328 -3982 2566 8292
-1304 -8381 5252 2437
-630 -5234 4706 9079
-2803 -2839 9695 9320
-2381 -8232 9147 1186
-5271 -1541 8134 6865
-707 -9434 7831 2021
-2269 -965 6900 4062
-1784 -3680 955 6333
-159 -9943 5176 593
-2610 -2183 6417 1364
-5227 -4667 4631 3934
-9922 -8976 6354 1717
-3654 -2769 6193 8559
-5433 -699 1654 2444
-1723 -3586 5095 6505
-4102 -4488 9962 9368
-3043 -5067 1309 7756
-2330 -1218 1773 5992
-3328 -9733 888 3957
-9743 -927 509 9185
-9759 -236 289 9690
-7425 -2708 772 4014
-2483 -719 1259 5123
-2866 -8489 1228 6926
-7243 -3724 7946 8167
-7805 -7563 2749 2387
-9998 -6548 7211 1964
-4901 -8105 8972 920
-9897 -2108 1525 2594
-8363 -9807 2617 1118
-5352 -1112 2720 8686
-7024 -8998 875 244
-3873 -5987 7581 6131
-5387 -1780 1972 3903
-9474 -2793 5225 4492
-9946 -5011 4195 6042
-4429 -7932 7401 3754
-6992 -7613 642 680
-3321 -3266 4377 3478
-5277 -8690 5475 9609
-6954 -1830 2392 1333
-7157 -6854 495 3535
-9644 -2327 9197 3734
-659 -7882 5505 7061
-8216 -8716 9399 1297
-383 -2582 6709 2715
-3226 -6490 466 8340
-1316 -3763 2553 1358
-2188 -8461 4005 8452
-4182 -3031 4094 7594
-795 -2602 8011 6915
-1822 -7202 7472 7406
-5716 -8464 5067 389
-857 -35 3476 1123
-7307 -6003 6189 4617
-6206 -2519 9860 4068
-4171 -1039 5805 6174
-7266 -2877 6500 8170
-8792 -7667 1299 5623
-9339 -1429 8881 8034
-2858 -5783 8321 79
-556 -1790 9702 6790
-2377 -7307 6789 6395
-4836 -8172 956 2053
-6326 -8655 8220 3663
-8102 -4762 9277 7402
-8130 -977 5633 6812
-6557 -3014 569 1645
-6553 -7341 5081 4674
-2220 -6754 9735 4924
-5219 -6399 6768 5779
-685 -8856 9662 8365
-5209 -5522 4177 7304
-2739 -5205 9314 8148
-9355 -6884 2762 1093
-2125 -2165 1377 5866
-8665 -1384 7139 8693
-8303 -2174 3797 6233
-2503 -4703 7666 3396
-7815 -3958 2647 1825
-7839 -2989 7196 4044
-3211 -7394 3777 6473
-7002 -7168 8376 1434
-5331 -9212 1175 3333
-4969 -9122 4087 5997
-5018 -477 6678 8584
-1462 -1838 832 9275
-7014 -9119 5179 8482
-6346 -9073 3714 6244
-4596 -3899 3816 949
-3739 -3647 2866 2260
-9951 -8002 145 7932
-3849 -295 7665 6604
-88 -4434 9597 3362
-5751 -4691 4925 3701
-248 -7954 5188 68
-6422 -7002 536 5600
-1481 -8266 6976 4653
-7191 -6808 9268 2276
-1404 -2495 3565 3097
-1809 -1765 2391 9740
-3315 -6560 9122 5296
-4673 -5361 9557 1363
-7388 -4120 3256 2229
-2160 -2212 2658 3585
-5340 -193 4492 3374
-5162 -2246 4913 5590
-6497 -7724 5066 4992
-6393 -3107 8518 4562
-879 -3185 3431 4333
-415 -3269 6586 9390
-9044 -8771 4019 8511
-7657 -5457 2461 1713
-7310 -5350 513 691
-3262 -4719 2180 6695
-9649 -2114 816 6543
-9756 -4945 862 3177
-2442 -2393 4467 7633
-6525 -2953 4592 5934
-5548 -7108 9614 6928
-8079 -4527 2487 5259
-8686 -4846 7346 4185
-4729 -1172 5417 7894
-4018 -5428 4178 4526
-8988 -9129 1098 9434
-6125 -7585 4781 333
-3254 -6629 7167 4343
-1689 -6346 8715 8115
-1151 -8608 4804 2642
-8402 -3733 4941 8293
-9779 -9834 7325 4163
-9135 -8750 4375 920
-4173 -5896 7421 1756
-8720 -2023 9860 2823
-4474 -7961 253 9532
-6077 -8898 5922 7484
-1738 -1792 1288 1867
-1992 -1106 8688 6847
-2110 -134 2092 2083
-4035 -1167 4458 5967
-4836 -9168 8353 5328
-6475 -6115 1747 1053
-980 -1483 1261 3316
-9379 -6808 4856 4006
-6988 -5159 1642 7308
-1554 -9650 1132 3936
-4731 -2266 1158 9703
-3904 -8366 1181 887
-8880 -911 9005 4256
-6751 -6498 2738 5158
-4364 -8547 9936 7678
-5044 -1830 5852 6550
-9011 -1341 796 9095
-2951 -5737 3972 1358
-9015 -1835 8392 2989
-8588 -2571 3834 1249
-8655 -3467 518 7562
-1130 -5924 6171 923
-5121 -4266 7864 9517
-9669 -2954 510 2565
-9117 -840 618 2702
-529 -6521 4405 6099
-7972 -4398 5262 1619
-5977 -2910 6543 6383
-4530 -979 6449 9482
-4819 -4785 3960 4446
-263 -5401 7776 8037
-7378 -2589 6720 2514
-6204 -4995 4532 9482
-7718 -1882 5890 8818
-7972 -7425 978 1141
-2225 -3074 3896 9913
-2023 -4320 6325 643
-8210 -1543 9172 4900
-5509 -6023 8335 7530
-9162 -4438 9296 7525
-7348 -592 8441 1935
-6459 -7420 5041 3095
-4101 -3879 817 5292
-8123 -7681 4032 656
-6061 -3968 4641 4095
-2956 -1694 9643 3318
-6212 -5525 2533 3152
-8710 -2867 9788 7854
-270 -4582 6710 2441
-5426 -7997 9866 4942
-412 -8645 8453 4628
-2465 -1282 8448 8165
-8226 -4138 716 555
-5011 -4423 8500 1807
-7192 -7918 3979 6763
-6061 -4404 4048 4867
-1908 -7533 7426 6690
-6043 -2929 7625 6766
-6880 -5222 9815 7672
-9252 -623 143 6132
-2651 -5235 4880 47
-7062 -7568 5784 7390
-4288 -3169 855 8297
-9363 -5656 4799 942
-4865 -5941 2633 9707
-9140 -1683 1834 6305
-7838 -9833 4483 4651
-1154 -2008 7885 2272
-1868 -8655 6721 1762
-6626 -9683 2898 966
-3949 -5995 3778 3821
-4290 -1936 122 1734
-9163 -9820 2075 46
-9963 -9693 223 4737
-1271 -6913 1143 1832
-5479 -4130 9288 5498
-2978 -3375 5705 7014
-1832 -1487 6261 618
-9546 -9121 3100 7326
-2347 -6664 5858 2318
-256 -2968 268 2982
-4272 -7644 3081 6240
-2197 -9785 7394 4630
-6118 -9126 9674 5892
-7572 -8530 4869 1364
-5685 -1323 1796 71
-1892 -5647 6871 5133
-7116 -4464 7967 131
-4644 -5200 5773 2583
-7300 -7459 9101 9832
-3477 -8296 4170 931
-6577 -6569 6976 8309
-4100 -7623 3778 7238
-5357 -1007 7783 3866
-6459 -1977 8345 9100
-9872 -8900 949 9039
-5977 -1849 1776 1637
-7037 -713 8659 6124
-2089 -8692 6290 2286
-9707 -51 3767 4741
-6137 -9529 3096 756
-5236 -4810 8968 2771
-7851 -4294 4379 2199
-5883 -769 9769 5640
-2090 -6923 7854 3498
-6929 -6392 9148 6774
-6284 -5319 4848 1620
-3264 -4524 5964 3106
-5898 -6446 4579 1830
-4079 -3837 4423 6769
-8120 -817 3497 6545
-155 -6302 9302 4858
-5500 -476 6663 843
-5103 -8496 8158 6407
-827 -7937 2828 7669
-5657 -4011 417 9604
-2682 -2672 6396 9555
-2370 -3506 4713 1595
-4668 -4749 9997 7746
-5429 -1010 119 4666
-3282 -433 5795 5076
-1298 -7009 9697 4510
-1925 -254 6080 1371
-6368 -4417 6436 9005
-8715 -350 3373 2776
-5798 -5773 1271 9625
-2264 -8319 884 8056
-8660 -3902 7168 5273
-3088 -1392 3813 7325
-6597 -6579 9614 8950
-8629 -2354 3546 1260
-6681 -524 4803 9915
-6184 -170 7442 8977
-5002 -9762 1610 2812
-9303 -7116 9664 2435
-9153 -2753 9930 7802
-5830 -6986 15 4602
-667 -9198 8475 1778
-7546 -9542 7418 4292
-375 -1043 9728 8357
-2880 -9762 5321 1129
-5869 -7429 9648 841
-7628 -9606 8953 1010
-3968 -2238 3216 2785
-7767 -4999 849 7205
-8173 -4957 3519 5873
-56 -3482 3182 5552
-2002 -5593 1601 6489
-6687 -7553 2810 1830
-3789 -7721 557 7553
-1272 -4942 4725 1070
-664 -8402 8042 6245
-4380 -5784 5283 224
-6259 -1590 3620 3354
-691 -1068 751 2393
-7436 -2408 8799 2805
-3135 -3887 1897 4576
-6561 -3412 494 7074
-9121 -6329 5584 6778
-3115 -3910 1919 7621
-2017 -9706 6774 3081
-8425 -9495 2474 9431
-4280 -2815 985 8903
-6518 -976 9708 7161
-4702 -4913 5265 2443
-253 -492 5259 2434
-9104 -7791 3238 8269
-1624 -5185 5312 4953
-5713 -2236 1035 8895
-5170 -4354 4912 7515
-676 -6326 8445 2780
-6840 -4650 3392 1629
-8865 -2253 852 3642
-2690 -7648 4838 5524
-7165 -2479 9272 9692
-1870 -910 2171 1722
-939 -5929 365 6163
-1053 -7098 1430 2801
-8707 -5051 3426 8814
-2234 -7933 8786 4673
-6215 -7635 6213 537
-5365 -9523 5933 3244
-7798 -1145 2246 443
-1496 -4139 429 7959
-220 -9615 2461 1979
-7263 -2391 4343 6936
-9747 -5907 6936 6634
-117 -3554 1661 6276
-9263 -5229 8049 8281
-8451 -15 8049 2274
-976 -3922 1778 1050
-2383 -9501 1551 7320
-7559 -3294 9243 1692
-2095 -8673 1643 9323
-4512 -4017 3978 6676
-51 -8612 3162 2852
-6717 -4864 3844 8698
-9390 -7810 1448 4828
-3281 -6033 9820 453
-2008 -761 9139 9292
-2165 -8178 1034 570
-3063 -2220 813 5029
-2807 -3223 3926 8729
-7966 -7357 4094 5431
-9824 -3819 1981 5400
-9495 -9011 2714 3815
-2729 -7527 6818 691
-5466 -2076 9671 6448
-3238 -2698 621 5854
-971 -6144 5046 5721
-232 -200 6931 5668
-9144 -7554 4481 7088
-5407 -5446 4530 7805
-7480 -1143 5060 260
-8259 -7232 633 4694
-7223 -7842 9886 8677
-4375 -7113 9413 2672
-7417 -5790 9618 6897
-7780 -3470 1133 1118
-3394 -9337 5478 5924
-850 -4529 2421 8626
-6460 -2518 348 48
-5585 -2053 811 9043
-9665 -5940 3120 7
-1640 -8787 2280 6196
-8321 -3557 3603 4897
-8671 -7180 7379 7344
-8701 -1762 2281 1625
-4909 -8447 8560 7585
-1882 -1922 3457 6512
-5543 -2945 825 6640
-7170 -995 522 796
-6943 -6534 1915 8729
-1682 -392 4533 6517
-5554 -5048 1858 3028
-1864 -5858 3652 8661
-112 -4417 875 5262
-8678 -6448 9023 2165
-5426 -1337 5061 2657
-8283 -4507 9437 8034
-7569 -5065 7026 650
-7976 -4258 5814 4523
-6474 -5425 5082 6424
-9974 -6210 7424 6712
-6284 -6969 2995 8184
-535 -3649 8582 9516
-3124 -1405 5495 2042
-8016 -1784 3112 6139
-3654 -3936 882 6080
-6390 -4745 7163 1843
-9712 -3368 8474 7740
-4762 -8932 1700 8103
-5620 -8653 4761 485
-8436 -2650 9807 3105
-4102 -7080 9187 4280
-4149 -2042 5447 3110
-4535 -1601 4299 2416
-448 -1577 4688 293
-419 -4264 3348 4529
-8255 -7817 1932 2003
-9169 -70 4041 4043
-3837 -1466 5884 7017
-9384 -6487 6092 8645
-2661 -7039 1211 4230
-9812 -4455 2268 2589
-5278 -607 2661 6338
-2476 -7999 6039 509
-9486 -961 7400 5315
-8028 -457 7688 9127
-9801 -8378 69 709
-6687 -9610 343 8422
-3954 -4053 7992 4555
-8900 -1851 6247 6616
-8676 -5160 5248 7747
-8471 -1393 2104 5745
-7746 -9205 2428 2341
-6862 -7362 5424 3345
-7585 -4934 1189 7798
-3988 -9541 3467 643
-2111 -2129 3972 2981
-3102 -2433 6048 1965
-789 -5578 6642 5226
-5649 -9314 3888 4731
-9042 -6195 9592 5128
-1370 -6051 813 4490
-7683 -6179 8593 4694
-4961 -1738 8905 860
-3354 -6016 7516 8924
-6110 -1300 8866 7799
-8735 -4036 2936 3698
-5648 -7659 7778 2838
-7520 -3530 8238 1534
-2488 -772 7431 6659
-2718 -6078 1536 3418
-2975 -2345 311 3353
-9035 -3487 136 1080
-3007 -2989 7334 720
-6013 -3633 3314 3624
-1935 -2593 6785 6462
1 -219 206 5084
-1277 -7981 8681 4806
-6185 -8887 5301 1645
-174 -2211 4890 5113
-8247 -7469 3732 7081
-8392 -7085 3051 6866
-966 -5153 413 9368
-7922 -1486 1063 4709
-7735 -9626 4179 5997
-8595 -1848 3068 4328
-3679 -9423 7560 7155
-6075 -761 185 1634
-9304 -1537 11 9961
-9578 -2179 2071 5555
-7696 -9113 7423 485
-4408 -7672 1262 6592
-213 -6909 1480 7294
-7555 -5485 3655 5771
-4699 -3137 7520 2767
-5968 -7659 538 8476
-7757 -7085 1049 4195
-7751 -2647 4855 8309
-7675 -8994 2633 3332
-3829 -5466 2226 7164
-6533 -9209 4211 3481
-264 -1875 2247 838
-3534 -2090 5695 6055
-1961 -5663 680 3344
-3192 -9317 4834 4593
-5258 -1524 520 1456
-2502 -4797 8037 2746
-8015 -3150 422 5501
-2921 -1213 6251 648
-4295 -4544 4796 1602
-2092 -8049 4063 4676
-8911 -6868 4321 1113
-9374 -3985 2084 6966
-2564 -5915 254 629
-479 -4591 6807 2844
-24 -1003 3115 1914
-4975 -2674 8737 4851
-600 -1069 5423 6000
-9225 -4281 8345 1528
-3994 -800 8471 7039
-8701 -2140 3212 6469
-5264 -3338 3351 6429
-34 -1141 5527 845
-783 -5815 4754 7577
-5847 -9164 8 8983
-4873 -7218 3634 3753
-9664 -454 5006 7513
-1186 -9104 6209 4176
-9471 -943 9686 1709
-6823 -1638 3629 3188
-9532 -3887 8024 6677
-3791 -4025 2930 9355
-2880 -2163 9310 2707
-9789 -8916 5359 4193
-7121 -8190 3508 9739
-1834 -9788 9031 7517
-7538 -6228 6266 9116
-9207 -803 5058 1967
-616 -3108 2025 8482
-6091 -1415 9169 2788
-1069 -917 5971 3946
-7462 -628 9274 6481
-5976 -6634 7336 1221
-2317 -1425 3612 6469
-9662 -142 3625 1791
-409 -8536 7451 5
-2800 -1742 2612 6469
-6869 -207 5370 4648
-9698 -3152 3552 4238
-3311 -8813 1803 374
-6343 -6749 4460 5701
-4959 -2371 6743 5957
-5868 -5490 9879 7142
-4547 -5757 1850 1551
-9539 -7114 1746 835
-7491 -4951 7560 4215
-1740 -9932 6502 6239
-8039 -2423 3243 494
-5213 -4424 6767 6680
-6075 -642 4274 5886
-9344 -7519 9870 2275
-5092 -5307 5161 9804
-748 -7012 6251 8768
-9125 -4457 1842 9735
-5187 -1562 4772 1313
-5559 -6825 165 9712
-3322 -6975 1995 5490
-3122 -9620 1687 6266
-185 -6159 1681 2815
-4652 -8357 8195 7435
-3051 -7669 1480 248
-7342 -778 2832 1175
-1721 -466 4452 8011
-918 -3300 5825 4276
-8816 -8924 430 3092
-751 -1675 3711 7916
-2988 -3164 6025 300
-1642 -9542 72 9318
-5068 -5791 7314 7693
-2569 -8274 5768 5203
-3138 -100 8263 39
-4587 -3895 6482 344
-9562 -6174 2996 377
-5216 -1576 9711 2432
-9010 -3541 6246 4527
-1350 -2923 2600 4623
-2055 -7091 579 6835
-7131 -935 4715 6588
-9962 -2049 9118 8345
-7 -5242 7164 8615
-2120 -8450 5355 7317
-7860 -3635 6936 217
-156 -6752 9052 1267
-2884 -8784 8398 5468
-7897 -9047 6139 475
-840 -7455 9303 7748
-5533 -1963 9505 5078
-2727 -5291 3057 6442
-4661 -1600 5 4583
-918 -8034 560 101
-2676 -349 9001 4056
-7111 -4026 4293 4703
-8762 -2092 4909 4270
-2622 -2182 9683 8738
-6723 -3861 6804 8664
-9811 -6894 4377 666
-9340 -2276 9363 5205
-6906 -4984 181 1289
-9083 -7398 1692 3164
-2789 -3048 4819 4800
-2353 -1908 8521 2099
-1360 -2520 392 6083
-8544 -4160 7430 8301
-5359 -2924 471 9939
-2006 -7709 9946 5044
-9107 -8561 5510 2637
-2348 -5484 7066 7209
-6228 -111 3769 8850
-1331 -2431 465 695
-3843 -8704 2258 1743
-7880 -4629 772 3041
-6419 -9857 7467 5702
-4418 -5999 6431 6508
-8524 -7562 2905 7933
-3790 -3560 4483 1721
-5619 -8437 9637 9069
-4245 -264 3500 7979
-8901 -8579 6592 6885
-2567 -8213 8200 404
-3166 -6076 6769 5568
-1260 -6006 9727 3672
-6441 -5990 4967 5501
-237 -8567 4152 1988
-6079 -5602 9267 3836
-3865 -8681 3006 2531
-2579 -345 8575 5013
-4739 -3599 6678 682
-8937 -5057 2973 6845
-1453 -2378 1760 2397
-5770 -829 1288 3854
-7883 -5644 1942 2532
-7551 -4018 2410 8224
-8863 -599 5550 2015
-4601 -1757 3798 5585
-653 -5787 7096 9178
-3052 -1344 3944 6061
-7202 -8931 140 713
-3201 -4285 4442 8078
-8860 -2922 3118 7937
-6992 -4556 364 3076
-4200 -4020 2139 4728
-1624 -3291 5750 5373
-6375 -4430 1806 6193
-9862 -6918 7800 4643
